	0.000000	0.000000	0.072251
	0.100000	0.000000	-0.035018
	0.200000	0.000000	-0.009314
	0.300000	0.000000	-0.045485
	0.400000	0.000000	-0.063331
	0.500000	0.000000	0.064494
	0.600000	0.000000	-0.013810
	0.700000	0.000000	-0.022902
	0.800000	0.000000	0.041630
	0.900000	0.000000	0.118881
	1.000000	0.000000	-0.038380
	1.100000	0.000000	-0.029856
	1.200000	1.000000	0.011852
	1.300000	1.000000	0.081604
	1.400000	1.000000	-0.075562
	1.500000	1.000000	-0.099406
	1.600000	1.000000	-0.000400
	1.700000	1.000000	-0.015851
	1.800000	0.000000	0.009286
	1.900000	0.000000	-0.036497
	2.000000	1.000000	0.077430
	2.100000	1.000000	0.073230
	2.200000	1.000000	0.010177
	2.300000	0.000000	0.046930
	2.400000	0.000000	0.006753
	2.500000	0.000000	-0.052626
	2.600000	0.000000	-0.048461
	2.700000	0.000000	0.009406
	2.800000	1.000000	-0.087686
	2.900000	1.000000	-0.020989
	3.000000	0.000000	-0.012591
	3.100000	0.000000	0.063804
	3.200000	1.000000	0.056115
	3.300000	1.000000	0.050887
	3.400000	1.000000	0.051521
	3.500000	0.000000	-0.058021
	3.600000	0.000000	0.007708
	3.700000	0.000000	-0.118124
	3.800000	0.000000	0.031265
	3.900000	1.000000	0.069572
	4.000000	1.000000	-0.017623
	4.100000	1.000000	0.017782
	4.200000	0.000000	0.041319
	4.300000	0.000000	0.034470
	4.400000	1.000000	-0.039146
	4.500000	0.000000	0.000737
	4.600000	1.000000	-0.036393
	4.700000	1.000000	0.024410
	4.800000	0.000000	0.033003
	4.900000	0.000000	0.009467
	5.000000	1.000000	-0.063591
	5.100000	1.000000	0.032541
	5.200000	1.000000	-0.041286
	5.300000	1.000000	0.090245
	5.400000	0.000000	-0.090128
	5.500000	1.000000	-0.126536
	5.600000	1.000000	-0.077556
	5.700000	1.000000	-0.016714
	5.800000	1.000000	0.035401
	5.900000	0.000000	-0.010880
	6.000000	0.000000	-0.023401
	6.100000	0.000000	-0.063021
	6.200000	0.000000	0.027438
	6.300000	1.000000	0.027124
	6.400000	1.000000	-0.074763
	6.500000	1.000000	-0.041309
	6.600000	1.000000	0.006555
	6.700000	1.000000	0.008826
	6.800000	1.000000	-0.041326
	6.900000	0.000000	-0.007210
	7.000000	1.000000	-0.039619
	7.100000	1.000000	0.017376
	7.200000	1.000000	0.039591
	7.300000	1.000000	-0.033582
	7.400000	0.000000	-0.025984
	7.500000	0.000000	-0.080312
	7.600000	1.000000	0.083377
	7.700000	0.000000	-0.012752
	7.800000	1.000000	-0.055804
	7.900000	1.000000	-0.031470
	8.000000	1.000000	-0.036531
	8.100000	1.000000	0.055449
	8.200000	0.000000	-0.052477
	8.300000	1.000000	-0.013660
	8.400000	1.000000	0.013659
	8.500000	1.000000	0.003728
	8.600000	1.000000	-0.050438
	8.700000	0.000000	0.056238
	8.800000	1.000000	-0.017977
	8.900000	0.000000	0.081904
	9.000000	0.000000	0.050183
	9.100000	1.000000	-0.010799
	9.200000	1.000000	-0.009733
	9.300000	1.000000	0.025083
	9.400000	0.000000	-0.056104
	9.500000	1.000000	-0.076368
	9.600000	0.000000	-0.002994
	9.700000	0.000000	0.047460
	9.800000	1.000000	0.089221
	9.900000	0.000000	-0.017095
	10.000000	1.000000	0.046070
	10.100000	1.000000	0.004295
	10.200000	0.000000	0.019445
	10.300000	0.000000	0.011279
	10.400000	0.000000	-0.042177
	10.500000	0.000000	0.004730
	10.600000	0.000000	-0.020229
	10.700000	1.000000	0.025124
	10.800000	0.000000	0.016262
	10.900000	1.000000	-0.006696
	11.000000	0.000000	-0.081491
	11.100000	0.000000	-0.015924
	11.200000	1.000000	0.014000
	11.300000	1.000000	0.050898
	11.400000	1.000000	-0.009008
	11.500000	1.000000	0.011170
	11.600000	1.000000	-0.097633
	11.700000	0.000000	0.037742
	11.800000	1.000000	0.020170
	11.900000	1.000000	-0.003764
	12.000000	0.000000	0.059310
	12.100000	0.000000	-0.018972
	12.200000	1.000000	0.053839
	12.300000	1.000000	0.047321
	12.400000	1.000000	0.068722
	12.500000	0.000000	0.028883
	12.600000	0.000000	0.061740
	12.700000	0.000000	0.068579
	12.800000	1.000000	-0.017844
	12.900000	1.000000	-0.072015
	13.000000	1.000000	0.073234
	13.100000	1.000000	-0.036942
	13.200000	0.000000	0.063825
	13.300000	0.000000	-0.048564
	13.400000	0.000000	-0.109177
	13.500000	0.000000	0.002289
	13.600000	0.000000	0.093593
	13.700000	1.000000	0.063809
	13.800000	0.000000	0.007766
	13.900000	1.000000	-0.074581
	14.000000	1.000000	-0.029710
	14.100000	1.000000	0.111989
	14.200000	1.000000	0.099877
	14.300000	1.000000	0.055052
	14.400000	1.000000	0.085916
	14.500000	1.000000	-0.021268
	14.600000	0.000000	-0.118335
	14.700000	1.000000	0.092466
	14.800000	0.000000	0.083281
	14.900000	0.000000	0.110975
	15.000000	0.000000	0.062220
	15.100000	1.000000	0.062284
	15.200000	0.000000	-0.017356
	15.300000	1.000000	0.004253
	15.400000	1.000000	0.130531
	15.500000	0.000000	-0.006910
	15.600000	1.000000	0.076867
	15.700000	1.000000	0.013144
	15.800000	0.000000	-0.027035
	15.900000	0.000000	0.076293
	16.000000	0.000000	0.057830
	16.100000	0.000000	0.187438
	16.200000	0.000000	0.093176
	16.300000	1.000000	0.053568
	16.400000	1.000000	0.111386
	16.500000	0.000000	0.021640
	16.600000	0.000000	0.110622
	16.700000	0.000000	0.180785
	16.800000	1.000000	-0.025784
	16.900000	1.000000	0.119321
	17.000000	0.000000	0.015596
	17.100000	0.000000	0.173653
	17.200000	0.000000	0.100140
	17.300000	1.000000	0.163859
	17.400000	1.000000	0.046272
	17.500000	0.000000	0.090354
	17.600000	1.000000	0.081014
	17.700000	0.000000	0.142421
	17.800000	1.000000	0.090981
	17.900000	1.000000	0.158149
	18.000000	0.000000	0.079428
	18.100000	1.000000	0.049175
	18.200000	1.000000	0.115373
	18.300000	1.000000	-0.002033
	18.400000	0.000000	0.197102
	18.500000	0.000000	0.100683
	18.600000	1.000000	0.123564
	18.700000	0.000000	0.108326
	18.800000	1.000000	0.105203
	18.900000	0.000000	0.060184
	19.000000	0.000000	0.187973
	19.100000	1.000000	0.074565
	19.200000	1.000000	0.168398
	19.300000	1.000000	0.253728
	19.400000	1.000000	0.034018
	19.500000	0.000000	0.099130
	19.600000	0.000000	0.131315
	19.700000	1.000000	0.166061
	19.800000	1.000000	0.079090
	19.900000	0.000000	0.071399
	20.000000	0.000000	0.145278
	20.100000	0.000000	0.141575
	20.200000	1.000000	0.098933
	20.300000	0.000000	0.148498
	20.400000	0.000000	0.290131
	20.500000	0.000000	0.112256
	20.600000	1.000000	0.061437
	20.700000	1.000000	0.150282
	20.800000	1.000000	0.155774
	20.900000	1.000000	0.043769
	21.000000	1.000000	0.160694
	21.100000	1.000000	0.270805
	21.200000	0.000000	0.073280
	21.300000	1.000000	0.175252
	21.400000	0.000000	0.120160
	21.500000	1.000000	0.265063
	21.600000	1.000000	0.236623
	21.700000	0.000000	0.252940
	21.800000	0.000000	0.030675
	21.900000	1.000000	0.237796
	22.000000	1.000000	0.186483
	22.100000	1.000000	0.175131
	22.200000	0.000000	0.189684
	22.300000	1.000000	0.140063
	22.400000	1.000000	0.140609
	22.500000	1.000000	0.194524
	22.600000	1.000000	0.224997
	22.700000	1.000000	0.216948
	22.800000	1.000000	0.271761
	22.900000	1.000000	0.216659
	23.000000	1.000000	0.065745
	23.100000	1.000000	0.202355
	23.200000	1.000000	0.183619
	23.300000	0.000000	0.272327
	23.400000	0.000000	0.228678
	23.500000	1.000000	0.356714
	23.600000	1.000000	0.213108
	23.700000	1.000000	0.283108
	23.800000	1.000000	0.239377
	23.900000	0.000000	0.179082
	24.000000	0.000000	0.209874
	24.100000	0.000000	0.219817
	24.200000	0.000000	0.271271
	24.300000	1.000000	0.352163
	24.400000	0.000000	0.389552
	24.500000	0.000000	0.116997
	24.600000	1.000000	0.297564
	24.700000	1.000000	0.279920
	24.800000	1.000000	0.304544
	24.900000	0.000000	0.270486
	25.000000	0.000000	0.203198
	25.100000	0.000000	0.273065
	25.200000	0.000000	0.282824
	25.300000	0.000000	0.165875
	25.400000	0.000000	0.255956
	25.500000	1.000000	0.409692
	25.600000	0.000000	0.254196
	25.700000	0.000000	0.280747
	25.800000	1.000000	0.227657
	25.900000	1.000000	0.297306
	26.000000	0.000000	0.321410
	26.100000	0.000000	0.217342
	26.200000	1.000000	0.171157
	26.300000	0.000000	0.342720
	26.400000	0.000000	0.229114
	26.500000	0.000000	0.185509
	26.600000	1.000000	0.368379
	26.700000	1.000000	0.360708
	26.800000	0.000000	0.336126
	26.900000	0.000000	0.393144
	27.000000	0.000000	0.380606
	27.100000	0.000000	0.376694
	27.200000	0.000000	0.319927
	27.300000	1.000000	0.255495
	27.400000	1.000000	0.388004
	27.500000	0.000000	0.205842
	27.600000	1.000000	0.322307
	27.700000	0.000000	0.309884
	27.800000	1.000000	0.314666
	27.900000	1.000000	0.361123
	28.000000	0.000000	0.269519
	28.100000	0.000000	0.336908
	28.200000	1.000000	0.337856
	28.300000	1.000000	0.460265
	28.400000	0.000000	0.266213
	28.500000	0.000000	0.387009
	28.600000	1.000000	0.251059
	28.700000	1.000000	0.345733
	28.800000	1.000000	0.294725
	28.900000	1.000000	0.253329
	29.000000	0.000000	0.369331
	29.100000	1.000000	0.459210
	29.200000	0.000000	0.255092
	29.300000	1.000000	0.479224
	29.400000	1.000000	0.293580
	29.500000	0.000000	0.384388
	29.600000	0.000000	0.301515
	29.700000	0.000000	0.374337
	29.800000	1.000000	0.369967
	29.900000	1.000000	0.314305
	30.000000	0.000000	0.427772
	30.100000	1.000000	0.380276
	30.200000	1.000000	0.385714
	30.300000	0.000000	0.424173
	30.400000	1.000000	0.442966
	30.500000	0.000000	0.418733
	30.600000	1.000000	0.283405
	30.700000	1.000000	0.278043
	30.800000	0.000000	0.354479
	30.900000	1.000000	0.481990
	31.000000	1.000000	0.380240
	31.100000	0.000000	0.412208
	31.200000	0.000000	0.474048
	31.300000	0.000000	0.519012
	31.400000	1.000000	0.344537
	31.500000	0.000000	0.384026
	31.600000	1.000000	0.430293
	31.700000	1.000000	0.467751
	31.800000	0.000000	0.387884
	31.900000	0.000000	0.338260
	32.000000	1.000000	0.416580
	32.100000	1.000000	0.479806
	32.200000	0.000000	0.472729
	32.300000	0.000000	0.456076
	32.400000	0.000000	0.464942
	32.500000	1.000000	0.386497
	32.600000	1.000000	0.369064
	32.700000	1.000000	0.431790
	32.800000	0.000000	0.435532
	32.900000	1.000000	0.402647
	33.000000	1.000000	0.558873
	33.100000	1.000000	0.319441
	33.200000	0.000000	0.568700
	33.300000	0.000000	0.420084
	33.400000	0.000000	0.390665
	33.500000	1.000000	0.453556
	33.600000	1.000000	0.480961
	33.700000	1.000000	0.492931
	33.800000	0.000000	0.490053
	33.900000	1.000000	0.513196
	34.000000	0.000000	0.469520
	34.100000	0.000000	0.544193
	34.200000	0.000000	0.398895
	34.300000	0.000000	0.475347
	34.400000	0.000000	0.537581
	34.500000	1.000000	0.438510
	34.600000	0.000000	0.518148
	34.700000	0.000000	0.592172
	34.800000	1.000000	0.465735
	34.900000	0.000000	0.626077
	35.000000	0.000000	0.523260
	35.100000	1.000000	0.544847
	35.200000	1.000000	0.390041
	35.300000	0.000000	0.454206
	35.400000	0.000000	0.591681
	35.500000	1.000000	0.470910
	35.600000	1.000000	0.642598
	35.700000	1.000000	0.590855
	35.800000	0.000000	0.480146
	35.900000	1.000000	0.487529
	36.000000	1.000000	0.576248
	36.100000	0.000000	0.472406
	36.200000	1.000000	0.625063
	36.300000	1.000000	0.469385
	36.400000	1.000000	0.555796
	36.500000	1.000000	0.467255
	36.600000	1.000000	0.567071
	36.700000	0.000000	0.448376
	36.800000	1.000000	0.554399
	36.900000	1.000000	0.490276
	37.000000	0.000000	0.465007
	37.100000	1.000000	0.598809
	37.200000	0.000000	0.564677
	37.300000	1.000000	0.506522
	37.400000	1.000000	0.499073
	37.500000	0.000000	0.548485
	37.600000	0.000000	0.577001
	37.700000	1.000000	0.573526
	37.800000	0.000000	0.572801
	37.900000	0.000000	0.694730
	38.000000	0.000000	0.640356
	38.100000	1.000000	0.581574
	38.200000	1.000000	0.600424
	38.300000	1.000000	0.670908
	38.400000	0.000000	0.596781
	38.500000	0.000000	0.632370
	38.600000	0.000000	0.532786
	38.700000	0.000000	0.638566
	38.800000	1.000000	0.610383
	38.900000	0.000000	0.712752
	39.000000	0.000000	0.659898
	39.100000	0.000000	0.531537
	39.200000	0.000000	0.551924
	39.300000	1.000000	0.668548
	39.400000	0.000000	0.643581
	39.500000	0.000000	0.699399
	39.600000	0.000000	0.626916
	39.700000	1.000000	0.593617
	39.800000	1.000000	0.764960
	39.900000	1.000000	0.741934
	40.000000	0.000000	0.646059
	40.100000	0.000000	0.609498
	40.200000	1.000000	0.559009
	40.300000	0.000000	0.707030
	40.400000	1.000000	0.614029
	40.500000	0.000000	0.702118
	40.600000	0.000000	0.557715
	40.700000	0.000000	0.597650
	40.800000	1.000000	0.621154
	40.900000	1.000000	0.695783
	41.000000	1.000000	0.589027
	41.100000	0.000000	0.635349
	41.200000	0.000000	0.671235
	41.300000	0.000000	0.694971
	41.400000	1.000000	0.645598
	41.500000	1.000000	0.707001
	41.600000	0.000000	0.636212
	41.700000	0.000000	0.664022
	41.800000	0.000000	0.680549
	41.900000	0.000000	0.745524
	42.000000	0.000000	0.636037
	42.100000	0.000000	0.652887
	42.200000	1.000000	0.744282
	42.300000	0.000000	0.760476
	42.400000	1.000000	0.696574
	42.500000	0.000000	0.612452
	42.600000	1.000000	0.619515
	42.700000	0.000000	0.778091
	42.800000	0.000000	0.710377
	42.900000	1.000000	0.655705
	43.000000	1.000000	0.713128
	43.100000	1.000000	0.715496
	43.200000	1.000000	0.774523
	43.300000	0.000000	0.679107
	43.400000	1.000000	0.716102
	43.500000	1.000000	0.703781
	43.600000	1.000000	0.846070
	43.700000	0.000000	0.767635
	43.800000	0.000000	0.695532
	43.900000	0.000000	0.645312
	44.000000	0.000000	0.734873
	44.100000	0.000000	0.731995
	44.200000	1.000000	0.696886
	44.300000	0.000000	0.670172
	44.400000	1.000000	0.707334
	44.500000	0.000000	0.649874
	44.600000	1.000000	0.652940
	44.700000	1.000000	0.776622
	44.800000	1.000000	0.760555
	44.900000	1.000000	0.746812
	45.000000	1.000000	0.701479
	45.100000	1.000000	0.656709
	45.200000	1.000000	0.811017
	45.300000	1.000000	0.777707
	45.400000	0.000000	0.737996
	45.500000	0.000000	0.844428
	45.600000	0.000000	0.671362
	45.700000	0.000000	0.712162
	45.800000	1.000000	0.716038
	45.900000	1.000000	0.697745
	46.000000	0.000000	0.640349
	46.100000	0.000000	0.719935
	46.200000	1.000000	0.802611
	46.300000	1.000000	0.726672
	46.400000	0.000000	0.881675
	46.500000	1.000000	0.732400
	46.600000	0.000000	0.775545
	46.700000	0.000000	0.765164
	46.800000	0.000000	0.721238
	46.900000	1.000000	0.811900
	47.000000	0.000000	0.733903
	47.100000	0.000000	0.952447
	47.200000	1.000000	0.729698
	47.300000	1.000000	0.775051
	47.400000	1.000000	0.844047
	47.500000	1.000000	0.739307
	47.600000	0.000000	0.813107
	47.700000	1.000000	0.731422
	47.800000	0.000000	0.769886
	47.900000	0.000000	0.935274
	48.000000	0.000000	0.659687
	48.100000	0.000000	0.870519
	48.200000	0.000000	0.841604
	48.300000	0.000000	0.918672
	48.400000	1.000000	0.803454
	48.500000	0.000000	0.739946
	48.600000	1.000000	0.708379
	48.700000	0.000000	0.920428
	48.800000	0.000000	0.731005
	48.900000	0.000000	0.830658
	49.000000	0.000000	0.788419
	49.100000	1.000000	0.801261
	49.200000	1.000000	0.905657
	49.300000	1.000000	0.837750
	49.400000	0.000000	0.786191
	49.500000	0.000000	0.963516
	49.600000	0.000000	0.838981
	49.700000	1.000000	0.815853
	49.800000	1.000000	0.831875
	49.900000	1.000000	0.949453
	50.000000	0.000000	0.850553
	50.100000	0.000000	0.802005
	50.200000	0.000000	0.866482
	50.300000	0.000000	0.949944
	50.400000	0.000000	0.931645
	50.500000	0.000000	0.720268
	50.600000	0.000000	0.825037
	50.700000	0.000000	0.843218
	50.800000	0.000000	0.766065
	50.900000	1.000000	0.886062
	51.000000	1.000000	0.842142
	51.100000	0.000000	0.893210
	51.200000	1.000000	0.938190
	51.300000	1.000000	0.864121
	51.400000	1.000000	0.949955
	51.500000	0.000000	0.832333
	51.600000	0.000000	0.779570
	51.700000	0.000000	0.833147
	51.800000	1.000000	0.909716
	51.900000	0.000000	0.895828
	52.000000	0.000000	0.892151
	52.100000	0.000000	0.861424
	52.200000	1.000000	0.806455
	52.300000	0.000000	0.910367
	52.400000	0.000000	0.805982
	52.500000	1.000000	0.866910
	52.600000	1.000000	0.911280
	52.700000	1.000000	0.875902
	52.800000	0.000000	0.882034
	52.900000	0.000000	0.860732
	53.000000	1.000000	0.770948
	53.100000	0.000000	0.886054
	53.200000	0.000000	0.843808
	53.300000	0.000000	0.901476
	53.400000	1.000000	0.864711
	53.500000	0.000000	1.015963
	53.600000	1.000000	0.847805
	53.700000	1.000000	0.890710
	53.800000	0.000000	0.933571
	53.900000	0.000000	0.830091
	54.000000	0.000000	0.911134
	54.100000	0.000000	0.902736
	54.200000	0.000000	1.000523
	54.300000	0.000000	0.881325
	54.400000	0.000000	0.794930
	54.500000	1.000000	0.834609
	54.600000	0.000000	0.913855
	54.700000	0.000000	0.945601
	54.800000	1.000000	0.928366
	54.900000	0.000000	0.937762
	55.000000	1.000000	0.891493
	55.100000	0.000000	0.869185
	55.200000	1.000000	1.059483
	55.300000	0.000000	0.862500
	55.400000	0.000000	0.899077
	55.500000	1.000000	0.868432
	55.600000	0.000000	0.935741
	55.700000	0.000000	0.906950
	55.800000	1.000000	0.909007
	55.900000	0.000000	0.921091
	56.000000	1.000000	0.942461
	56.100000	1.000000	1.076169
	56.200000	0.000000	0.934219
	56.300000	1.000000	0.933290
	56.400000	1.000000	0.957978
	56.500000	1.000000	0.984272
	56.600000	0.000000	1.010180
	56.700000	1.000000	0.912541
	56.800000	0.000000	0.862291
	56.900000	0.000000	1.030043
	57.000000	1.000000	0.983411
	57.100000	0.000000	0.996876
	57.200000	0.000000	0.975894
	57.300000	0.000000	1.023016
	57.400000	0.000000	0.906590
	57.500000	0.000000	0.897659
	57.600000	0.000000	0.982103
	57.700000	0.000000	1.007190
	57.800000	1.000000	1.002111
	57.900000	0.000000	0.992482
	58.000000	1.000000	0.992032
	58.100000	0.000000	0.962911
	58.200000	0.000000	1.106027
	58.300000	1.000000	0.962932
	58.400000	0.000000	0.987226
	58.500000	1.000000	0.950751
	58.600000	1.000000	1.123853
	58.700000	1.000000	1.083554
	58.800000	0.000000	1.088469
	58.900000	1.000000	1.032903
	59.000000	0.000000	1.074611
	59.100000	0.000000	1.016905
	59.200000	1.000000	1.121558
	59.300000	1.000000	0.958207
	59.400000	1.000000	0.956385
	59.500000	0.000000	0.993414
	59.600000	0.000000	0.944586
	59.700000	0.000000	1.099405
	59.800000	0.000000	0.873204
	59.900000	1.000000	1.071476
	60.000000	0.000000	0.960294
	60.100000	1.000000	1.087762
	60.200000	0.000000	1.019278
	60.300000	0.000000	1.066230
	60.400000	1.000000	1.054430
	60.500000	0.000000	1.035197
	60.600000	0.000000	0.952861
	60.700000	1.000000	1.067332
	60.800000	1.000000	1.017614
	60.900000	0.000000	1.027743
	61.000000	1.000000	1.002619
	61.100000	0.000000	1.092532
	61.200000	1.000000	1.022185
	61.300000	1.000000	1.002186
	61.400000	0.000000	1.001022
	61.500000	1.000000	0.944451
	61.600000	0.000000	1.033490
	61.700000	1.000000	1.050168
	61.800000	0.000000	1.051871
	61.900000	0.000000	1.190609
	62.000000	1.000000	1.094736
	62.100000	0.000000	1.065238
	62.200000	0.000000	0.979809
	62.300000	0.000000	0.994155
	62.400000	1.000000	1.027539
	62.500000	1.000000	1.123486
	62.600000	1.000000	1.032356
	62.700000	0.000000	0.921498
	62.800000	1.000000	1.002225
	62.900000	0.000000	1.152947
	63.000000	0.000000	1.118397
	63.100000	1.000000	0.990158
	63.200000	0.000000	1.030506
	63.300000	0.000000	1.122271
	63.400000	1.000000	1.015542
	63.500000	0.000000	1.065434
	63.600000	0.000000	1.003396
	63.700000	0.000000	1.044387
	63.800000	0.000000	1.002912
	63.900000	1.000000	1.138983
	64.000000	1.000000	1.027809
	64.100000	1.000000	0.977189
	64.200000	1.000000	1.125259
	64.300000	0.000000	1.103414
	64.400000	1.000000	1.003248
	64.500000	1.000000	1.121633
	64.600000	1.000000	1.090160
	64.700000	1.000000	1.062621
	64.800000	1.000000	1.152518
	64.900000	0.000000	1.116133
	65.000000	0.000000	1.189078
	65.100000	0.000000	1.199108
	65.200000	1.000000	1.128098
	65.300000	1.000000	1.014189
	65.400000	0.000000	1.092522
	65.500000	1.000000	1.199423
	65.600000	0.000000	1.091022
	65.700000	1.000000	1.119578
	65.800000	0.000000	1.125866
	65.900000	0.000000	0.957609
	66.000000	1.000000	1.171377
	66.100000	1.000000	1.085901
	66.200000	1.000000	1.043704
	66.300000	0.000000	1.162015
	66.400000	1.000000	1.084479
	66.500000	1.000000	1.193198
	66.600000	1.000000	1.173058
	66.700000	1.000000	1.227024
	66.800000	0.000000	1.101295
	66.900000	1.000000	1.149006
	67.000000	1.000000	1.119008
	67.100000	1.000000	1.133321
	67.200000	1.000000	1.087028
	67.300000	1.000000	1.116183
	67.400000	1.000000	1.209297
	67.500000	0.000000	1.119285
	67.600000	0.000000	1.060013
	67.700000	1.000000	1.165499
	67.800000	1.000000	1.125349
	67.900000	0.000000	1.175502
	68.000000	0.000000	1.156707
	68.100000	0.000000	1.063467
	68.200000	0.000000	1.120774
	68.300000	0.000000	1.155920
	68.400000	0.000000	1.094778
	68.500000	0.000000	1.034307
	68.600000	1.000000	1.094368
	68.700000	1.000000	0.979636
	68.800000	0.000000	1.114284
	68.900000	1.000000	1.148919
	69.000000	0.000000	1.086826
	69.100000	1.000000	1.169187
	69.200000	0.000000	1.023395
	69.300000	0.000000	1.222188
	69.400000	0.000000	1.012018
	69.500000	1.000000	1.122581
	69.600000	1.000000	1.107581
	69.700000	0.000000	1.221985
	69.800000	1.000000	1.205446
	69.900000	1.000000	1.080027
	70.000000	0.000000	1.090908
	70.100000	1.000000	1.073543
	70.200000	1.000000	1.209399
	70.300000	1.000000	1.198396
	70.400000	1.000000	1.201128
	70.500000	0.000000	1.200303
	70.600000	1.000000	1.142007
	70.700000	1.000000	1.076837
	70.800000	1.000000	1.284962
	70.900000	0.000000	1.063795
	71.000000	1.000000	1.113091
	71.100000	1.000000	1.183783
	71.200000	0.000000	1.166915
	71.300000	0.000000	1.113258
	71.400000	1.000000	1.080328
	71.500000	0.000000	1.083574
	71.600000	0.000000	1.117209
	71.700000	1.000000	1.202946
	71.800000	0.000000	1.229046
	71.900000	0.000000	1.209461
	72.000000	1.000000	1.180720
	72.100000	0.000000	1.232207
	72.200000	0.000000	1.081798
	72.300000	1.000000	1.153281
	72.400000	1.000000	1.173831
	72.500000	1.000000	1.340649
	72.600000	1.000000	1.313782
	72.700000	1.000000	1.111625
	72.800000	1.000000	1.222280
	72.900000	1.000000	1.169743
	73.000000	0.000000	1.141839
	73.100000	0.000000	1.210841
	73.200000	0.000000	1.266574
	73.300000	1.000000	1.163510
	73.400000	0.000000	1.267544
	73.500000	1.000000	1.108471
	73.600000	0.000000	1.121531
	73.700000	0.000000	1.205266
	73.800000	1.000000	1.266598
	73.900000	0.000000	1.108564
	74.000000	1.000000	1.243523
	74.100000	0.000000	1.175558
	74.200000	1.000000	1.143555
	74.300000	0.000000	1.113137
	74.400000	1.000000	1.098164
	74.500000	0.000000	1.256849
	74.600000	0.000000	1.172402
	74.700000	0.000000	1.240816
	74.800000	1.000000	1.032438
	74.900000	0.000000	1.176451
	75.000000	0.000000	1.207341
	75.100000	0.000000	1.135292
	75.200000	1.000000	1.196672
	75.300000	0.000000	1.068321
	75.400000	1.000000	1.275399
	75.500000	0.000000	1.165354
	75.600000	1.000000	1.060785
	75.700000	1.000000	1.147066
	75.800000	0.000000	1.130833
	75.900000	0.000000	1.212014
	76.000000	0.000000	1.171010
	76.100000	1.000000	1.298219
	76.200000	1.000000	1.158869
	76.300000	1.000000	1.143007
	76.400000	1.000000	1.220540
	76.500000	1.000000	1.182990
	76.600000	0.000000	1.244453
	76.700000	1.000000	1.203136
	76.800000	0.000000	1.191695
	76.900000	0.000000	1.200494
	77.000000	1.000000	1.166543
	77.100000	1.000000	1.081369
	77.200000	1.000000	1.157159
	77.300000	1.000000	1.205387
	77.400000	1.000000	1.292422
	77.500000	0.000000	1.166113
	77.600000	0.000000	1.111306
	77.700000	1.000000	1.139633
	77.800000	0.000000	1.250663
	77.900000	0.000000	1.238342
	78.000000	1.000000	1.174757
	78.100000	1.000000	1.220822
	78.200000	0.000000	1.287999
	78.300000	0.000000	1.338484
	78.400000	1.000000	1.250010
	78.500000	0.000000	1.340029
	78.600000	1.000000	1.139811
	78.700000	0.000000	1.159663
	78.800000	1.000000	1.214367
	78.900000	1.000000	1.245685
	79.000000	0.000000	1.230443
	79.100000	0.000000	1.217276
	79.200000	1.000000	1.211591
	79.300000	0.000000	1.252736
	79.400000	1.000000	1.284228
	79.500000	1.000000	1.324381
	79.600000	1.000000	1.392390
	79.700000	1.000000	1.402101
	79.800000	1.000000	1.261648
	79.900000	0.000000	1.311722
	80.000000	1.000000	1.287567
	80.100000	1.000000	1.304030
	80.200000	1.000000	1.411789
	80.300000	0.000000	1.251467
	80.400000	0.000000	1.259314
	80.500000	1.000000	1.266835
	80.600000	1.000000	1.319018
	80.700000	0.000000	1.267201
	80.800000	1.000000	1.250966
	80.900000	0.000000	1.205634
	81.000000	1.000000	1.216494
	81.100000	1.000000	1.252218
	81.200000	0.000000	1.301890
	81.300000	0.000000	1.327004
	81.400000	0.000000	1.210189
	81.500000	1.000000	1.389345
	81.600000	0.000000	1.232921
	81.700000	0.000000	1.224902
	81.800000	1.000000	1.268129
	81.900000	1.000000	1.270757
	82.000000	0.000000	1.240785
	82.100000	1.000000	1.123311
	82.200000	1.000000	1.317530
	82.300000	1.000000	1.238812
	82.400000	0.000000	1.244379
	82.500000	0.000000	1.299966
	82.600000	1.000000	1.260851
	82.700000	0.000000	1.226960
	82.800000	0.000000	1.267289
	82.900000	0.000000	1.233583
	83.000000	0.000000	1.215653
	83.100000	1.000000	1.320495
	83.200000	1.000000	1.292266
	83.300000	1.000000	1.334665
	83.400000	0.000000	1.171395
	83.500000	0.000000	1.293329
	83.600000	1.000000	1.379516
	83.700000	1.000000	1.280764
	83.800000	1.000000	1.247768
	83.900000	1.000000	1.213444
	84.000000	0.000000	1.221660
	84.100000	0.000000	1.207141
	84.200000	1.000000	1.269892
	84.300000	0.000000	1.331226
	84.400000	1.000000	1.253978
	84.500000	0.000000	1.324682
	84.600000	0.000000	1.348781
	84.700000	1.000000	1.243443
	84.800000	0.000000	1.329393
	84.900000	1.000000	1.381960
	85.000000	1.000000	1.293450
	85.100000	0.000000	1.325401
	85.200000	0.000000	1.356890
	85.300000	1.000000	1.355401
	85.400000	0.000000	1.365790
	85.500000	0.000000	1.328243
	85.600000	1.000000	1.438312
	85.700000	0.000000	1.313091
	85.800000	1.000000	1.393212
	85.900000	1.000000	1.312583
	86.000000	0.000000	1.304359
	86.100000	0.000000	1.250392
	86.200000	1.000000	1.333226
	86.300000	1.000000	1.394552
	86.400000	0.000000	1.215356
	86.500000	1.000000	1.395144
	86.600000	0.000000	1.359019
	86.700000	1.000000	1.264083
	86.800000	1.000000	1.319448
	86.900000	1.000000	1.299844
	87.000000	0.000000	1.340525
	87.100000	0.000000	1.319774
	87.200000	1.000000	1.388700
	87.300000	0.000000	1.374829
	87.400000	0.000000	1.352243
	87.500000	0.000000	1.347890
	87.600000	1.000000	1.332211
	87.700000	1.000000	1.353740
	87.800000	1.000000	1.363429
	87.900000	1.000000	1.306910
	88.000000	0.000000	1.277234
	88.100000	0.000000	1.341407
	88.200000	0.000000	1.368355
	88.300000	1.000000	1.368620
	88.400000	0.000000	1.281160
	88.500000	1.000000	1.380706
	88.600000	0.000000	1.347602
	88.700000	1.000000	1.234546
	88.800000	1.000000	1.398137
	88.900000	0.000000	1.353715
	89.000000	1.000000	1.379360
	89.100000	0.000000	1.319632
	89.200000	1.000000	1.332640
	89.300000	1.000000	1.428624
	89.400000	1.000000	1.422775
	89.500000	1.000000	1.377239
	89.600000	0.000000	1.323224
	89.700000	0.000000	1.296898
	89.800000	0.000000	1.329616
	89.900000	0.000000	1.482151
	90.000000	0.000000	1.335504
	90.100000	0.000000	1.350520
	90.200000	1.000000	1.402728
	90.300000	1.000000	1.335953
	90.400000	1.000000	1.389556
	90.500000	1.000000	1.358547
	90.600000	1.000000	1.328451
	90.700000	0.000000	1.282963
	90.800000	0.000000	1.416459
	90.900000	0.000000	1.399245
	91.000000	1.000000	1.291114
	91.100000	1.000000	1.418248
	91.200000	1.000000	1.318853
	91.300000	1.000000	1.342729
	91.400000	0.000000	1.386775
	91.500000	1.000000	1.378469
	91.600000	0.000000	1.424049
	91.700000	0.000000	1.317175
	91.800000	0.000000	1.314022
	91.900000	1.000000	1.282689
	92.000000	0.000000	1.280981
	92.100000	0.000000	1.335144
	92.200000	1.000000	1.423492
	92.300000	0.000000	1.430137
	92.400000	1.000000	1.388733
	92.500000	1.000000	1.375024
	92.600000	0.000000	1.351862
	92.700000	1.000000	1.372033
	92.800000	0.000000	1.337725
	92.900000	1.000000	1.294533
	93.000000	0.000000	1.406039
	93.100000	1.000000	1.366893
	93.200000	0.000000	1.338442
	93.300000	0.000000	1.348482
	93.400000	0.000000	1.315006
	93.500000	0.000000	1.403962
	93.600000	1.000000	1.440999
	93.700000	0.000000	1.401969
	93.800000	0.000000	1.295123
	93.900000	1.000000	1.540583
	94.000000	0.000000	1.429681
	94.100000	0.000000	1.407134
	94.200000	1.000000	1.370009
	94.300000	0.000000	1.475872
	94.400000	0.000000	1.501350
	94.500000	0.000000	1.449686
	94.600000	1.000000	1.448539
	94.700000	1.000000	1.458665
	94.800000	1.000000	1.454027
	94.900000	1.000000	1.402203
	95.000000	1.000000	1.396083
	95.100000	0.000000	1.436023
	95.200000	0.000000	1.509517
	95.300000	1.000000	1.322185
	95.400000	0.000000	1.462378
	95.500000	1.000000	1.463377
	95.600000	1.000000	1.545183
	95.700000	1.000000	1.529915
	95.800000	0.000000	1.561217
	95.900000	0.000000	1.475750
	96.000000	1.000000	1.526575
	96.100000	1.000000	1.450284
	96.200000	1.000000	1.398689
	96.300000	1.000000	1.471820
	96.400000	1.000000	1.397304
	96.500000	1.000000	1.332910
	96.600000	1.000000	1.518140
	96.700000	0.000000	1.484985
	96.800000	1.000000	1.318078
	96.900000	0.000000	1.396370
	97.000000	1.000000	1.482528
	97.100000	0.000000	1.410148
	97.200000	1.000000	1.513760
	97.300000	0.000000	1.399358
	97.400000	1.000000	1.420430
	97.500000	1.000000	1.514746
	97.600000	1.000000	1.404719
	97.700000	1.000000	1.436627
	97.800000	0.000000	1.360480
	97.900000	0.000000	1.556634
	98.000000	0.000000	1.510227
	98.100000	1.000000	1.569261
	98.200000	0.000000	1.456235
	98.300000	0.000000	1.443240
	98.400000	1.000000	1.492235
	98.500000	1.000000	1.567768
	98.600000	1.000000	1.396645
	98.700000	0.000000	1.503589
	98.800000	1.000000	1.302806
	98.900000	1.000000	1.490418
	99.000000	0.000000	1.368477
	99.100000	0.000000	1.526224
	99.200000	0.000000	1.566467
	99.300000	1.000000	1.502747
	99.400000	1.000000	1.439626
	99.500000	1.000000	1.518665
	99.600000	0.000000	1.560095
	99.700000	0.000000	1.534407
	99.800000	0.000000	1.579354
	99.900000	1.000000	1.354336
	100.000000	0.000000	1.541203
	100.100000	0.000000	1.419521
	100.200000	0.000000	1.483274
	100.300000	0.000000	1.503348
	100.400000	0.000000	1.450961
	100.500000	0.000000	1.548672
	100.600000	1.000000	1.485343
	100.700000	1.000000	1.563996
	100.800000	1.000000	1.535104
	100.900000	1.000000	1.436835
	101.000000	0.000000	1.501260
	101.100000	0.000000	1.544199
	101.200000	0.000000	1.444426
	101.300000	0.000000	1.492462
	101.400000	1.000000	1.550799
	101.500000	1.000000	1.443386
	101.600000	0.000000	1.500339
	101.700000	1.000000	1.599053
	101.800000	1.000000	1.568506
	101.900000	1.000000	1.540442
	102.000000	0.000000	1.493135
	102.100000	1.000000	1.540424
	102.200000	0.000000	1.545905
	102.300000	1.000000	1.604308
	102.400000	0.000000	1.602034
	102.500000	0.000000	1.439863
	102.600000	0.000000	1.479379
	102.700000	0.000000	1.514324
	102.800000	0.000000	1.538391
	102.900000	1.000000	1.589415
	103.000000	1.000000	1.434668
	103.100000	1.000000	1.541961
	103.200000	0.000000	1.567536
	103.300000	0.000000	1.432024
	103.400000	0.000000	1.490178
	103.500000	1.000000	1.622852
	103.600000	0.000000	1.536085
	103.700000	1.000000	1.476157
	103.800000	0.000000	1.486064
	103.900000	0.000000	1.526912
	104.000000	0.000000	1.469070
	104.100000	0.000000	1.512766
	104.200000	1.000000	1.576683
	104.300000	0.000000	1.546974
	104.400000	1.000000	1.490177
	104.500000	0.000000	1.587519
	104.600000	0.000000	1.420456
	104.700000	0.000000	1.542589
	104.800000	1.000000	1.442695
	104.900000	0.000000	1.551239
	105.000000	1.000000	1.469763
	105.100000	1.000000	1.573983
	105.200000	0.000000	1.473108
	105.300000	0.000000	1.609560
	105.400000	1.000000	1.424767
	105.500000	0.000000	1.535721
	105.600000	0.000000	1.486594
	105.700000	0.000000	1.525556
	105.800000	0.000000	1.572717
	105.900000	1.000000	1.568790
	106.000000	1.000000	1.482473
	106.100000	0.000000	1.521418
	106.200000	0.000000	1.513719
	106.300000	0.000000	1.628932
	106.400000	1.000000	1.575254
	106.500000	1.000000	1.598457
	106.600000	1.000000	1.553317
	106.700000	0.000000	1.510220
	106.800000	0.000000	1.503456
	106.900000	1.000000	1.473432
	107.000000	1.000000	1.647158
	107.100000	0.000000	1.553277
	107.200000	0.000000	1.551503
	107.300000	0.000000	1.484146
	107.400000	0.000000	1.592968
	107.500000	1.000000	1.558282
	107.600000	0.000000	1.566766
	107.700000	0.000000	1.536181
	107.800000	1.000000	1.563822
	107.900000	1.000000	1.628672
	108.000000	0.000000	1.651809
	108.100000	0.000000	1.461816
	108.200000	0.000000	1.543205
	108.300000	0.000000	1.540728
	108.400000	0.000000	1.547499
	108.500000	0.000000	1.532934
	108.600000	1.000000	1.527998
	108.700000	1.000000	1.670342
	108.800000	1.000000	1.540274
	108.900000	0.000000	1.473408
	109.000000	1.000000	1.541788
	109.100000	0.000000	1.613017
	109.200000	0.000000	1.688860
	109.300000	0.000000	1.586399
	109.400000	1.000000	1.446012
	109.500000	0.000000	1.505622
	109.600000	1.000000	1.586128
	109.700000	0.000000	1.579039
	109.800000	0.000000	1.557771
	109.900000	1.000000	1.542310
	110.000000	1.000000	1.590829
	110.100000	0.000000	1.687440
	110.200000	0.000000	1.476098
	110.300000	1.000000	1.444677
	110.400000	0.000000	1.601532
	110.500000	1.000000	1.598792
	110.600000	1.000000	1.500452
	110.700000	1.000000	1.597704
	110.800000	1.000000	1.591860
	110.900000	0.000000	1.570025
	111.000000	0.000000	1.493319
	111.100000	1.000000	1.567629
	111.200000	1.000000	1.607591
	111.300000	1.000000	1.592193
	111.400000	0.000000	1.539594
	111.500000	1.000000	1.569401
	111.600000	1.000000	1.522724
	111.700000	0.000000	1.642607
	111.800000	0.000000	1.528596
	111.900000	1.000000	1.569926
	112.000000	1.000000	1.606052
	112.100000	1.000000	1.592231
	112.200000	1.000000	1.652201
	112.300000	0.000000	1.605308
	112.400000	0.000000	1.590326
	112.500000	1.000000	1.500360
	112.600000	1.000000	1.624871
	112.700000	1.000000	1.663551
	112.800000	0.000000	1.497276
	112.900000	0.000000	1.684541
	113.000000	1.000000	1.520344
	113.100000	0.000000	1.589828
	113.200000	0.000000	1.621035
	113.300000	1.000000	1.602669
	113.400000	1.000000	1.624992
	113.500000	0.000000	1.571393
	113.600000	1.000000	1.691237
	113.700000	1.000000	1.566350
	113.800000	0.000000	1.626049
	113.900000	1.000000	1.685644
	114.000000	0.000000	1.552139
	114.100000	1.000000	1.659967
	114.200000	0.000000	1.533457
	114.300000	0.000000	1.609701
	114.400000	1.000000	1.711671
	114.500000	1.000000	1.667061
	114.600000	0.000000	1.705405
	114.700000	0.000000	1.698042
	114.800000	1.000000	1.555262
	114.900000	1.000000	1.555788
	115.000000	1.000000	1.581322
	115.100000	1.000000	1.539531
	115.200000	1.000000	1.601418
	115.300000	1.000000	1.546330
	115.400000	0.000000	1.654366
	115.500000	1.000000	1.510454
	115.600000	1.000000	1.544902
	115.700000	0.000000	1.626302
	115.800000	1.000000	1.604778
	115.900000	0.000000	1.581974
	116.000000	0.000000	1.612832
	116.100000	1.000000	1.582132
	116.200000	0.000000	1.610730
	116.300000	0.000000	1.542635
	116.400000	1.000000	1.634434
	116.500000	0.000000	1.631018
	116.600000	1.000000	1.660211
	116.700000	0.000000	1.605726
	116.800000	0.000000	1.511311
	116.900000	1.000000	1.740522
	117.000000	1.000000	1.418457
	117.100000	1.000000	1.671126
	117.200000	0.000000	1.668097
	117.300000	0.000000	1.561615
	117.400000	0.000000	1.595367
	117.500000	1.000000	1.572217
	117.600000	1.000000	1.632379
	117.700000	0.000000	1.570380
	117.800000	1.000000	1.647912
	117.900000	0.000000	1.602995
	118.000000	0.000000	1.743123
	118.100000	0.000000	1.554912
	118.200000	0.000000	1.628819
	118.300000	1.000000	1.707715
	118.400000	1.000000	1.621349
	118.500000	1.000000	1.636914
	118.600000	1.000000	1.557502
	118.700000	1.000000	1.522695
	118.800000	0.000000	1.694733
	118.900000	1.000000	1.543687
	119.000000	1.000000	1.664682
	119.100000	1.000000	1.729786
	119.200000	1.000000	1.604134
	119.300000	1.000000	1.710349
	119.400000	1.000000	1.564107
	119.500000	1.000000	1.540006
	119.600000	0.000000	1.574413
	119.700000	1.000000	1.651523
	119.800000	1.000000	1.491453
	119.900000	0.000000	1.706138
	120.000000	0.000000	1.694491
	120.100000	1.000000	1.722485
	120.200000	0.000000	1.599759
	120.300000	1.000000	1.705166
	120.400000	0.000000	1.720780
	120.500000	0.000000	1.584364
	120.600000	0.000000	1.649876
	120.700000	1.000000	1.692747
	120.800000	0.000000	1.589783
	120.900000	1.000000	1.588062
	121.000000	0.000000	1.599291
	121.100000	0.000000	1.648679
	121.200000	0.000000	1.623764
	121.300000	1.000000	1.608124
	121.400000	0.000000	1.643472
	121.500000	0.000000	1.652234
	121.600000	1.000000	1.512447
	121.700000	0.000000	1.563546
	121.800000	0.000000	1.610632
	121.900000	1.000000	1.581384
	122.000000	0.000000	1.693415
	122.100000	1.000000	1.699206
	122.200000	0.000000	1.578924
	122.300000	1.000000	1.632213
	122.400000	1.000000	1.532651
	122.500000	1.000000	1.598665
	122.600000	1.000000	1.583600
	122.700000	0.000000	1.634264
	122.800000	0.000000	1.692494
	122.900000	1.000000	1.522867
	123.000000	1.000000	1.662569
	123.100000	0.000000	1.715596
	123.200000	0.000000	1.608696
	123.300000	1.000000	1.719036
	123.400000	1.000000	1.661802
	123.500000	0.000000	1.694291
	123.600000	0.000000	1.697678
	123.700000	0.000000	1.628886
	123.800000	1.000000	1.690175
	123.900000	0.000000	1.603723
	124.000000	1.000000	1.636149
	124.100000	0.000000	1.634136
	124.200000	1.000000	1.744856
	124.300000	1.000000	1.655122
	124.400000	1.000000	1.641789
	124.500000	1.000000	1.562620
	124.600000	0.000000	1.627157
	124.700000	1.000000	1.645297
	124.800000	1.000000	1.642556
	124.900000	1.000000	1.635866
	125.000000	0.000000	1.659329
	125.100000	0.000000	1.704002
	125.200000	1.000000	1.564178
	125.300000	0.000000	1.637636
	125.400000	0.000000	1.579817
	125.500000	1.000000	1.623563
	125.600000	0.000000	1.715691
	125.700000	1.000000	1.639992
	125.800000	1.000000	1.703399
	125.900000	1.000000	1.669642
	126.000000	0.000000	1.744685
	126.100000	1.000000	1.704796
	126.200000	1.000000	1.677505
	126.300000	0.000000	1.595046
	126.400000	1.000000	1.731083
	126.500000	1.000000	1.663692
	126.600000	1.000000	1.547064
	126.700000	0.000000	1.727309
	126.800000	1.000000	1.620473
	126.900000	0.000000	1.613296
	127.000000	1.000000	1.627918
	127.100000	1.000000	1.687575
	127.200000	0.000000	1.661372
	127.300000	0.000000	1.587020
	127.400000	0.000000	1.688124
	127.500000	0.000000	1.696168
	127.600000	1.000000	1.638280
	127.700000	0.000000	1.563161
	127.800000	1.000000	1.756527
	127.900000	1.000000	1.698660
	128.000000	0.000000	1.612894
	128.100000	0.000000	1.739062
	128.200000	0.000000	1.772893
	128.300000	0.000000	1.645833
	128.400000	1.000000	1.709972
	128.500000	0.000000	1.719458
	128.600000	0.000000	1.650771
	128.700000	1.000000	1.776132
	128.800000	0.000000	1.825008
	128.900000	0.000000	1.621599
	129.000000	0.000000	1.619480
	129.100000	0.000000	1.560282
	129.200000	0.000000	1.611322
	129.300000	0.000000	1.698974
	129.400000	1.000000	1.763360
	129.500000	1.000000	1.704627
	129.600000	0.000000	1.775193
	129.700000	1.000000	1.676559
	129.800000	0.000000	1.728296
	129.900000	0.000000	1.666850
	130.000000	0.000000	1.773299
	130.100000	0.000000	1.567362
	130.200000	0.000000	1.663744
	130.300000	1.000000	1.543227
	130.400000	1.000000	1.729647
	130.500000	1.000000	1.703594
	130.600000	1.000000	1.619355
	130.700000	0.000000	1.685369
	130.800000	0.000000	1.660118
	130.900000	1.000000	1.537205
	131.000000	0.000000	1.623816
	131.100000	1.000000	1.680156
	131.200000	1.000000	1.784221
	131.300000	0.000000	1.732691
	131.400000	1.000000	1.616469
	131.500000	0.000000	1.668898
	131.600000	1.000000	1.661704
	131.700000	1.000000	1.739167
	131.800000	1.000000	1.706312
	131.900000	0.000000	1.716022
	132.000000	0.000000	1.649475
	132.100000	0.000000	1.664286
	132.200000	0.000000	1.673668
	132.300000	0.000000	1.674224
	132.400000	0.000000	1.628311
	132.500000	1.000000	1.733964
	132.600000	1.000000	1.629824
	132.700000	0.000000	1.581583
	132.800000	1.000000	1.615513
	132.900000	1.000000	1.782126
	133.000000	0.000000	1.861224
	133.100000	0.000000	1.686911
	133.200000	0.000000	1.841889
	133.300000	0.000000	1.696807
	133.400000	1.000000	1.668569
	133.500000	0.000000	1.692013
	133.600000	1.000000	1.711012
	133.700000	0.000000	1.704984
	133.800000	0.000000	1.795472
	133.900000	0.000000	1.664478
	134.000000	0.000000	1.719830
	134.100000	0.000000	1.777130
	134.200000	1.000000	1.725165
	134.300000	1.000000	1.748823
	134.400000	0.000000	1.726612
	134.500000	0.000000	1.705934
	134.600000	0.000000	1.759007
	134.700000	0.000000	1.758376
	134.800000	1.000000	1.798603
	134.900000	0.000000	1.730756
	135.000000	0.000000	1.624764
	135.100000	0.000000	1.709348
	135.200000	1.000000	1.753916
	135.300000	0.000000	1.730546
	135.400000	0.000000	1.751648
	135.500000	0.000000	1.709427
	135.600000	0.000000	1.674638
	135.700000	1.000000	1.747666
	135.800000	0.000000	1.727624
	135.900000	0.000000	1.656329
	136.000000	1.000000	1.795281
	136.100000	1.000000	1.720978
	136.200000	1.000000	1.681465
	136.300000	1.000000	1.871633
	136.400000	0.000000	1.724011
	136.500000	0.000000	1.718743
	136.600000	0.000000	1.747126
	136.700000	0.000000	1.729433
	136.800000	0.000000	1.772708
	136.900000	0.000000	1.727729
	137.000000	0.000000	1.747912
	137.100000	1.000000	1.732157
	137.200000	1.000000	1.662321
	137.300000	1.000000	1.857939
	137.400000	1.000000	1.694296
	137.500000	0.000000	1.656607
	137.600000	1.000000	1.773331
	137.700000	0.000000	1.792679
	137.800000	0.000000	1.747299
	137.900000	1.000000	1.762318
	138.000000	1.000000	1.803567
	138.100000	0.000000	1.742610
	138.200000	0.000000	1.729813
	138.300000	1.000000	1.659819
	138.400000	0.000000	1.762771
	138.500000	0.000000	1.787875
	138.600000	1.000000	1.707644
	138.700000	1.000000	1.806932
	138.800000	1.000000	1.750192
	138.900000	0.000000	1.691108
	139.000000	0.000000	1.869974
	139.100000	0.000000	1.735945
	139.200000	1.000000	1.799699
	139.300000	0.000000	1.701116
	139.400000	0.000000	1.769292
	139.500000	1.000000	1.704979
	139.600000	0.000000	1.807437
	139.700000	0.000000	1.660216
	139.800000	0.000000	1.779613
	139.900000	1.000000	1.725980
	140.000000	1.000000	1.801435
	140.100000	0.000000	1.817094
	140.200000	1.000000	1.798227
	140.300000	1.000000	1.746534
	140.400000	0.000000	1.726094
	140.500000	0.000000	1.720418
	140.600000	1.000000	1.729827
	140.700000	1.000000	1.712639
	140.800000	1.000000	1.804464
	140.900000	0.000000	1.743499
	141.000000	1.000000	1.605890
	141.100000	0.000000	1.741524
	141.200000	1.000000	1.686198
	141.300000	1.000000	1.811394
	141.400000	1.000000	1.723775
	141.500000	1.000000	1.667666
	141.600000	1.000000	1.701957
	141.700000	0.000000	1.780864
	141.800000	1.000000	1.697111
	141.900000	0.000000	1.638379
	142.000000	0.000000	1.871443
	142.100000	0.000000	1.754731
	142.200000	0.000000	1.761972
	142.300000	1.000000	1.742518
	142.400000	1.000000	1.792334
	142.500000	1.000000	1.818743
	142.600000	0.000000	1.698359
	142.700000	1.000000	1.693219
	142.800000	0.000000	1.621370
	142.900000	1.000000	1.778963
	143.000000	1.000000	1.740440
	143.100000	1.000000	1.790559
	143.200000	0.000000	1.746754
	143.300000	1.000000	1.727205
	143.400000	0.000000	1.837651
	143.500000	1.000000	1.853108
	143.600000	0.000000	1.732198
	143.700000	0.000000	1.797483
	143.800000	1.000000	1.799730
	143.900000	0.000000	1.641613
	144.000000	0.000000	1.852071
	144.100000	1.000000	1.712676
	144.200000	1.000000	1.721719
	144.300000	1.000000	1.810497
	144.400000	1.000000	1.781651
	144.500000	0.000000	1.761459
	144.600000	1.000000	1.671260
	144.700000	1.000000	1.789700
	144.800000	0.000000	1.798144
	144.900000	0.000000	1.695792
	145.000000	0.000000	1.724118
	145.100000	0.000000	1.780144
	145.200000	0.000000	1.749952
	145.300000	0.000000	1.722929
	145.400000	0.000000	1.696894
	145.500000	0.000000	1.708383
	145.600000	0.000000	1.890697
	145.700000	0.000000	1.738796
	145.800000	1.000000	1.719166
	145.900000	0.000000	1.657484
	146.000000	1.000000	1.823280
	146.100000	1.000000	1.645241
	146.200000	1.000000	1.587952
	146.300000	1.000000	1.749509
	146.400000	0.000000	1.701879
	146.500000	1.000000	1.899734
	146.600000	1.000000	1.763775
	146.700000	0.000000	1.722820
	146.800000	1.000000	1.774608
	146.900000	0.000000	1.675690
	147.000000	1.000000	1.757349
	147.100000	0.000000	1.682303
	147.200000	0.000000	1.806569
	147.300000	0.000000	1.762676
	147.400000	1.000000	1.752385
	147.500000	0.000000	1.791742
	147.600000	0.000000	1.828177
	147.700000	1.000000	1.775905
	147.800000	1.000000	1.823719
	147.900000	0.000000	1.751898
	148.000000	1.000000	1.701402
	148.100000	0.000000	1.783552
	148.200000	1.000000	1.781891
	148.300000	0.000000	1.737432
	148.400000	0.000000	1.782437
	148.500000	1.000000	1.780003
	148.600000	0.000000	1.803490
	148.700000	1.000000	1.687126
	148.800000	0.000000	1.887137
	148.900000	1.000000	1.728991
	149.000000	1.000000	1.753154
	149.100000	1.000000	1.734698
	149.200000	0.000000	1.801443
	149.300000	0.000000	1.731696
	149.400000	0.000000	1.732289
	149.500000	1.000000	1.717322
	149.600000	1.000000	1.787149
	149.700000	0.000000	1.712802
	149.800000	1.000000	1.776059
	149.900000	1.000000	1.741785
	150.000000	0.000000	1.661491
	150.100000	0.000000	1.752297
	150.200000	0.000000	1.775320
	150.300000	1.000000	1.768720
	150.400000	1.000000	1.823396
	150.500000	0.000000	1.711306
	150.600000	1.000000	1.723111
	150.700000	0.000000	1.773073
	150.800000	0.000000	1.760470
	150.900000	1.000000	1.817218
	151.000000	0.000000	1.675096
	151.100000	1.000000	1.790517
	151.200000	1.000000	1.790765
	151.300000	1.000000	1.723164
	151.400000	1.000000	1.732635
	151.500000	0.000000	1.744318
	151.600000	0.000000	1.860200
	151.700000	0.000000	1.891403
	151.800000	1.000000	1.708363
	151.900000	1.000000	1.671471
	152.000000	0.000000	1.733998
	152.100000	1.000000	1.743709
	152.200000	1.000000	1.740081
	152.300000	1.000000	1.749467
	152.400000	0.000000	1.741144
	152.500000	0.000000	1.780214
	152.600000	1.000000	1.854615
	152.700000	1.000000	1.738094
	152.800000	0.000000	1.712568
	152.900000	0.000000	1.736875
	153.000000	0.000000	1.730089
	153.100000	1.000000	1.691944
	153.200000	1.000000	1.765600
	153.300000	0.000000	1.719148
	153.400000	0.000000	1.726718
	153.500000	1.000000	1.662592
	153.600000	1.000000	1.760920
	153.700000	1.000000	1.776245
	153.800000	0.000000	1.788253
	153.900000	1.000000	1.699637
	154.000000	0.000000	1.747479
	154.100000	0.000000	1.722395
	154.200000	1.000000	1.812575
	154.300000	1.000000	1.728206
	154.400000	1.000000	1.721113
	154.500000	1.000000	1.761562
	154.600000	0.000000	1.839955
	154.700000	0.000000	1.739971
	154.800000	0.000000	1.594489
	154.900000	1.000000	1.677468
	155.000000	0.000000	1.748339
	155.100000	0.000000	1.735232
	155.200000	0.000000	1.735420
	155.300000	1.000000	1.833677
	155.400000	1.000000	1.806730
	155.500000	0.000000	1.820636
	155.600000	1.000000	1.746015
	155.700000	1.000000	1.710201
	155.800000	1.000000	1.736200
	155.900000	0.000000	1.728344
	156.000000	1.000000	1.863700
	156.100000	1.000000	1.730557
	156.200000	1.000000	1.821148
	156.300000	0.000000	1.782307
	156.400000	0.000000	1.765765
	156.500000	0.000000	1.815826
	156.600000	0.000000	1.765366
	156.700000	1.000000	1.847153
	156.800000	1.000000	1.642747
	156.900000	0.000000	1.661626
	157.000000	1.000000	1.704216
	157.100000	0.000000	1.785013
	157.200000	1.000000	1.711086
	157.300000	0.000000	1.816253
	157.400000	1.000000	1.734735
	157.500000	0.000000	1.778438
	157.600000	1.000000	1.786977
	157.700000	1.000000	1.784065
	157.800000	0.000000	1.730134
	157.900000	1.000000	1.756600
	158.000000	0.000000	1.780812
	158.100000	0.000000	1.782873
	158.200000	0.000000	1.714921
	158.300000	1.000000	1.704085
	158.400000	1.000000	1.802014
	158.500000	0.000000	1.704986
	158.600000	0.000000	1.781225
	158.700000	1.000000	1.683033
	158.800000	1.000000	1.884958
	158.900000	1.000000	1.840126
	159.000000	1.000000	1.726402
	159.100000	1.000000	1.750098
	159.200000	0.000000	1.732423
	159.300000	0.000000	1.790591
	159.400000	1.000000	1.839124
	159.500000	1.000000	1.667566
	159.600000	0.000000	1.790339
	159.700000	1.000000	1.789033
	159.800000	1.000000	1.767043
	159.900000	0.000000	1.684266
	160.000000	0.000000	1.855886
	160.100000	0.000000	1.704445
	160.200000	0.000000	1.702125
	160.300000	0.000000	1.788187
	160.400000	0.000000	1.724035
	160.500000	1.000000	1.679144
	160.600000	0.000000	1.809152
	160.700000	0.000000	1.780022
	160.800000	0.000000	1.700985
	160.900000	1.000000	1.740091
	161.000000	0.000000	1.758193
	161.100000	0.000000	1.882510
	161.200000	1.000000	1.781442
	161.300000	0.000000	1.802320
	161.400000	1.000000	1.833260
	161.500000	0.000000	1.742910
	161.600000	0.000000	1.821691
	161.700000	1.000000	1.780198
	161.800000	0.000000	1.804072
	161.900000	1.000000	1.798200
	162.000000	0.000000	1.865679
	162.100000	0.000000	1.744670
	162.200000	0.000000	1.880794
	162.300000	1.000000	1.618764
	162.400000	0.000000	1.831692
	162.500000	0.000000	1.695512
	162.600000	0.000000	1.766212
	162.700000	0.000000	1.772508
	162.800000	0.000000	1.907691
	162.900000	1.000000	1.812159
	163.000000	0.000000	1.759735
	163.100000	1.000000	1.738063
	163.200000	1.000000	1.718356
	163.300000	1.000000	1.746395
	163.400000	0.000000	1.760440
	163.500000	1.000000	1.827059
	163.600000	1.000000	1.863675
	163.700000	1.000000	1.865936
	163.800000	0.000000	1.683940
	163.900000	1.000000	1.875787
	164.000000	1.000000	1.780565
	164.100000	0.000000	1.727606
	164.200000	1.000000	1.846939
	164.300000	1.000000	1.757454
	164.400000	0.000000	1.780594
	164.500000	0.000000	1.584372
	164.600000	1.000000	1.822176
	164.700000	0.000000	1.921353
	164.800000	1.000000	1.917655
	164.900000	1.000000	1.758957
	165.000000	1.000000	1.794368
	165.100000	0.000000	1.811200
	165.200000	1.000000	1.716954
	165.300000	0.000000	1.811640
	165.400000	1.000000	1.788592
	165.500000	1.000000	1.849252
	165.600000	1.000000	1.886086
	165.700000	1.000000	1.731542
	165.800000	0.000000	1.701905
	165.900000	0.000000	1.768371
	166.000000	1.000000	1.838178
	166.100000	0.000000	1.821089
	166.200000	0.000000	1.860037
	166.300000	0.000000	1.722406
	166.400000	1.000000	1.786869
	166.500000	1.000000	1.732133
	166.600000	0.000000	1.802026
	166.700000	1.000000	1.901367
	166.800000	0.000000	1.726512
	166.900000	0.000000	1.819688
	167.000000	0.000000	1.837255
	167.100000	1.000000	1.746824
	167.200000	1.000000	1.883237
	167.300000	1.000000	1.849043
	167.400000	1.000000	1.807808
	167.500000	1.000000	1.793005
	167.600000	1.000000	1.754068
	167.700000	1.000000	1.798824
	167.800000	1.000000	1.775310
	167.900000	0.000000	1.790371
	168.000000	1.000000	1.776169
	168.100000	1.000000	1.777207
	168.200000	0.000000	1.828324
	168.300000	1.000000	1.871714
	168.400000	1.000000	1.798780
	168.500000	0.000000	1.776982
	168.600000	1.000000	1.724575
	168.700000	0.000000	1.829277
	168.800000	0.000000	1.769718
	168.900000	1.000000	1.826459
	169.000000	1.000000	1.777430
	169.100000	1.000000	1.817636
	169.200000	1.000000	1.807227
	169.300000	0.000000	1.710448
	169.400000	1.000000	1.785572
	169.500000	0.000000	1.731634
	169.600000	1.000000	1.739375
	169.700000	0.000000	1.704199
	169.800000	0.000000	1.756805
	169.900000	0.000000	1.820005
	170.000000	0.000000	1.780783
	170.100000	1.000000	1.801191
	170.200000	1.000000	1.697688
	170.300000	1.000000	1.766919
	170.400000	1.000000	1.806724
	170.500000	0.000000	1.786635
	170.600000	0.000000	1.783183
	170.700000	1.000000	1.828584
	170.800000	1.000000	1.913178
	170.900000	1.000000	1.838259
	171.000000	1.000000	1.785334
	171.100000	0.000000	1.758708
	171.200000	1.000000	1.776866
	171.300000	0.000000	1.768960
	171.400000	0.000000	1.738814
	171.500000	1.000000	1.764403
	171.600000	0.000000	1.809739
	171.700000	0.000000	1.798436
	171.800000	0.000000	1.784398
	171.900000	1.000000	1.730659
	172.000000	0.000000	1.792390
	172.100000	0.000000	1.789894
	172.200000	0.000000	1.859652
	172.300000	1.000000	1.805955
	172.400000	0.000000	1.748710
	172.500000	0.000000	1.675061
	172.600000	0.000000	1.826651
	172.700000	1.000000	1.977202
	172.800000	1.000000	1.818484
	172.900000	0.000000	1.883606
	173.000000	0.000000	1.798676
	173.100000	1.000000	1.734639
	173.200000	1.000000	1.793343
	173.300000	0.000000	1.898757
	173.400000	1.000000	1.714018
	173.500000	1.000000	1.835487
	173.600000	0.000000	1.749804
	173.700000	0.000000	1.851682
	173.800000	1.000000	1.821936
	173.900000	0.000000	1.866687
	174.000000	0.000000	1.826480
	174.100000	0.000000	1.931544
	174.200000	1.000000	1.846819
	174.300000	0.000000	1.820476
	174.400000	1.000000	1.820552
	174.500000	0.000000	1.835965
	174.600000	0.000000	1.796369
	174.700000	0.000000	1.728443
	174.800000	0.000000	1.771431
	174.900000	0.000000	1.767987
	175.000000	0.000000	1.900746
	175.100000	1.000000	1.850984
	175.200000	0.000000	1.876919
	175.300000	0.000000	1.711171
	175.400000	0.000000	1.848150
	175.500000	0.000000	1.867793
	175.600000	0.000000	1.927624
	175.700000	0.000000	1.815107
	175.800000	1.000000	1.909332
	175.900000	0.000000	1.900945
	176.000000	1.000000	1.778260
	176.100000	1.000000	1.832448
	176.200000	0.000000	1.796262
	176.300000	0.000000	1.881126
	176.400000	0.000000	1.831768
	176.500000	1.000000	1.864222
	176.600000	1.000000	1.827291
	176.700000	0.000000	1.794747
	176.800000	0.000000	1.895831
	176.900000	1.000000	1.815373
	177.000000	0.000000	1.811115
	177.100000	1.000000	1.838952
	177.200000	0.000000	1.956146
	177.300000	1.000000	1.831875
	177.400000	0.000000	1.849829
	177.500000	0.000000	1.902993
	177.600000	0.000000	1.829016
	177.700000	1.000000	1.852280
	177.800000	0.000000	1.839250
	177.900000	1.000000	1.950978
	178.000000	0.000000	1.777900
	178.100000	1.000000	1.821011
	178.200000	0.000000	1.765757
	178.300000	1.000000	1.795829
	178.400000	0.000000	1.799828
	178.500000	0.000000	1.903147
	178.600000	1.000000	1.802761
	178.700000	1.000000	1.857186
	178.800000	0.000000	1.844836
	178.900000	0.000000	1.755522
	179.000000	0.000000	1.885778
	179.100000	1.000000	1.770888
	179.200000	1.000000	1.899609
	179.300000	1.000000	1.801934
	179.400000	1.000000	1.782316
	179.500000	1.000000	1.894038
	179.600000	1.000000	1.849571
	179.700000	1.000000	1.866278
	179.800000	0.000000	1.916511
	179.900000	0.000000	1.814929
	180.000000	1.000000	1.872146
	180.100000	1.000000	1.838106
	180.200000	0.000000	1.821790
	180.300000	1.000000	1.780159
	180.400000	0.000000	1.884472
	180.500000	0.000000	1.849940
	180.600000	0.000000	1.820180
	180.700000	0.000000	1.898594
	180.800000	0.000000	1.939055
	180.900000	0.000000	1.792614
	181.000000	1.000000	1.818082
	181.100000	1.000000	1.850430
	181.200000	1.000000	1.845073
	181.300000	0.000000	1.674768
	181.400000	0.000000	1.791391
	181.500000	0.000000	1.859771
	181.600000	0.000000	1.822105
	181.700000	0.000000	1.845683
	181.800000	1.000000	1.836303
	181.900000	0.000000	1.896638
	182.000000	0.000000	1.793742
	182.100000	0.000000	1.918767
	182.200000	1.000000	1.927557
	182.300000	1.000000	1.913553
	182.400000	1.000000	1.896344
	182.500000	1.000000	1.884813
	182.600000	0.000000	1.834793
	182.700000	1.000000	1.890937
	182.800000	0.000000	1.967825
	182.900000	1.000000	1.768022
	183.000000	0.000000	1.824659
	183.100000	1.000000	1.775720
	183.200000	0.000000	1.760131
	183.300000	0.000000	1.800967
	183.400000	1.000000	1.815696
	183.500000	1.000000	1.799081
	183.600000	1.000000	1.866432
	183.700000	0.000000	1.749771
	183.800000	0.000000	1.858268
	183.900000	1.000000	1.852977
	184.000000	1.000000	1.820739
	184.100000	1.000000	1.777450
	184.200000	0.000000	1.790849
	184.300000	1.000000	1.874368
	184.400000	0.000000	1.828959
	184.500000	1.000000	1.901248
	184.600000	0.000000	1.803395
	184.700000	1.000000	1.846378
	184.800000	1.000000	1.831070
	184.900000	1.000000	1.758509
	185.000000	0.000000	1.912855
	185.100000	1.000000	1.772597
	185.200000	1.000000	1.839540
	185.300000	0.000000	1.872510
	185.400000	1.000000	1.877465
	185.500000	0.000000	1.877053
	185.600000	1.000000	1.905754
	185.700000	0.000000	1.833676
	185.800000	1.000000	1.864435
	185.900000	0.000000	1.742154
	186.000000	1.000000	1.898895
	186.100000	0.000000	1.857845
	186.200000	0.000000	1.875613
	186.300000	1.000000	1.833629
	186.400000	0.000000	1.938982
	186.500000	0.000000	2.036303
	186.600000	0.000000	1.840302
	186.700000	0.000000	1.919997
	186.800000	1.000000	1.847958
	186.900000	1.000000	1.899188
	187.000000	0.000000	1.960275
	187.100000	1.000000	1.799370
	187.200000	0.000000	1.844602
	187.300000	1.000000	1.809841
	187.400000	1.000000	1.885784
	187.500000	1.000000	1.819189
	187.600000	0.000000	1.762259
	187.700000	1.000000	1.920526
	187.800000	1.000000	1.846865
	187.900000	0.000000	1.899236
	188.000000	0.000000	1.857132
	188.100000	0.000000	1.892552
	188.200000	1.000000	1.773023
	188.300000	0.000000	1.890178
	188.400000	1.000000	1.912434
	188.500000	0.000000	1.806543
	188.600000	0.000000	1.865362
	188.700000	0.000000	1.856612
	188.800000	1.000000	1.970079
	188.900000	1.000000	1.921769
	189.000000	0.000000	1.845773
	189.100000	1.000000	1.875209
	189.200000	0.000000	1.845632
	189.300000	0.000000	1.878813
	189.400000	1.000000	1.883438
	189.500000	1.000000	1.916227
	189.600000	1.000000	1.884063
	189.700000	1.000000	1.906100
	189.800000	1.000000	1.893000
	189.900000	1.000000	1.856049
	190.000000	0.000000	1.904305
	190.100000	1.000000	1.728206
	190.200000	0.000000	1.846700
	190.300000	0.000000	1.954113
	190.400000	1.000000	1.886030
	190.500000	0.000000	1.733296
	190.600000	0.000000	1.888938
	190.700000	1.000000	1.871426
	190.800000	1.000000	1.912683
	190.900000	0.000000	1.739913
	191.000000	0.000000	1.815973
	191.100000	0.000000	1.889405
	191.200000	1.000000	1.804714
	191.300000	1.000000	1.791531
	191.400000	0.000000	1.906229
	191.500000	1.000000	1.850241
	191.600000	1.000000	1.879140
	191.700000	1.000000	1.886547
	191.800000	1.000000	1.849186
	191.900000	0.000000	1.860969
	192.000000	1.000000	1.859219
	192.100000	1.000000	1.840407
	192.200000	0.000000	1.815623
	192.300000	0.000000	1.885985
	192.400000	1.000000	1.908165
	192.500000	1.000000	1.867201
	192.600000	0.000000	1.991375
	192.700000	0.000000	1.835118
	192.800000	0.000000	1.828066
	192.900000	0.000000	1.836212
	193.000000	1.000000	1.735438
	193.100000	1.000000	1.919158
	193.200000	0.000000	1.706611
	193.300000	1.000000	1.842254
	193.400000	1.000000	1.798733
	193.500000	0.000000	1.872444
	193.600000	0.000000	1.775980
	193.700000	1.000000	1.835211
	193.800000	0.000000	1.777999
	193.900000	1.000000	1.813503
	194.000000	0.000000	1.863703
	194.100000	1.000000	1.873095
	194.200000	0.000000	1.830047
	194.300000	1.000000	1.894071
	194.400000	0.000000	2.014809
	194.500000	1.000000	1.812962
	194.600000	0.000000	1.942761
	194.700000	1.000000	1.824446
	194.800000	0.000000	1.787494
	194.900000	0.000000	1.783344
	195.000000	0.000000	1.918656
	195.100000	0.000000	1.791599
	195.200000	0.000000	1.841386
	195.300000	0.000000	1.840633
	195.400000	0.000000	1.902117
	195.500000	1.000000	1.866019
	195.600000	0.000000	1.773137
	195.700000	0.000000	1.814611
	195.800000	0.000000	1.928797
	195.900000	0.000000	1.997177
	196.000000	1.000000	1.714736
	196.100000	0.000000	1.892143
	196.200000	1.000000	1.891846
	196.300000	0.000000	1.906765
	196.400000	1.000000	1.790961
	196.500000	1.000000	1.804797
	196.600000	1.000000	1.692541
	196.700000	0.000000	1.947409
	196.800000	1.000000	1.851519
	196.900000	1.000000	1.985195
	197.000000	1.000000	1.786501
	197.100000	1.000000	1.805967
	197.200000	0.000000	1.878252
	197.300000	1.000000	1.885217
	197.400000	0.000000	1.864271
	197.500000	1.000000	1.736811
	197.600000	1.000000	1.805309
	197.700000	1.000000	1.965602
	197.800000	1.000000	1.812649
	197.900000	0.000000	1.906614
	198.000000	1.000000	1.915962
	198.100000	1.000000	1.794347
	198.200000	0.000000	1.859735
	198.300000	0.000000	1.853895
	198.400000	0.000000	1.876804
	198.500000	1.000000	1.780138
	198.600000	0.000000	1.800392
	198.700000	0.000000	1.870081
	198.800000	0.000000	1.950968
	198.900000	0.000000	1.909310
	199.000000	0.000000	1.898762
	199.100000	1.000000	1.809498
	199.200000	1.000000	1.861895
	199.300000	1.000000	1.739628
	199.400000	1.000000	1.812776
	199.500000	1.000000	1.813706
	199.600000	0.000000	1.787325
	199.700000	1.000000	1.746573
	199.800000	0.000000	1.805247
	199.900000	1.000000	1.859256
	200.000000	1.000000	1.749301
	200.100000	1.000000	1.973202
	200.200000	1.000000	2.002010
	200.300000	1.000000	1.821249
	200.400000	1.000000	1.860870
	200.500000	1.000000	1.844298
	200.600000	0.000000	1.988162
	200.700000	0.000000	1.936938
	200.800000	0.000000	1.861054
	200.900000	0.000000	1.888094
	201.000000	0.000000	1.915560
	201.100000	1.000000	1.999503
	201.200000	0.000000	1.995002
	201.300000	0.000000	1.785099
	201.400000	1.000000	1.850781
	201.500000	1.000000	1.940345
	201.600000	1.000000	1.876521
	201.700000	1.000000	1.914564
	201.800000	1.000000	1.867229
	201.900000	0.000000	1.892114
	202.000000	0.000000	1.905654
	202.100000	0.000000	1.905975
	202.200000	0.000000	1.898840
	202.300000	0.000000	1.991725
	202.400000	1.000000	1.845424
	202.500000	1.000000	1.884972
	202.600000	0.000000	1.899470
	202.700000	1.000000	1.868467
	202.800000	1.000000	1.853052
	202.900000	1.000000	1.817514
	203.000000	1.000000	1.904762
	203.100000	0.000000	1.762612
	203.200000	0.000000	1.793370
	203.300000	1.000000	1.905710
	203.400000	0.000000	1.919911
	203.500000	0.000000	1.905308
	203.600000	1.000000	1.919575
	203.700000	1.000000	1.954920
	203.800000	1.000000	1.854956
	203.900000	0.000000	1.875686
	204.000000	1.000000	1.900982
	204.100000	0.000000	1.854178
	204.200000	1.000000	1.915771
	204.300000	0.000000	1.905470
	204.400000	0.000000	1.792294
	204.500000	1.000000	1.774120
	204.600000	1.000000	1.967329
	204.700000	0.000000	1.818885
	204.800000	1.000000	1.827413
	204.900000	1.000000	1.774370
	205.000000	1.000000	1.819818
	205.100000	1.000000	1.845143
	205.200000	1.000000	1.915612
	205.300000	1.000000	1.841949
	205.400000	0.000000	1.861030
	205.500000	0.000000	1.950231
	205.600000	0.000000	1.845701
	205.700000	1.000000	1.914375
	205.800000	0.000000	1.789146
	205.900000	0.000000	1.820962
	206.000000	0.000000	1.837740
	206.100000	0.000000	2.023583
	206.200000	1.000000	1.952743
	206.300000	0.000000	1.934505
	206.400000	1.000000	1.867438
	206.500000	1.000000	1.885476
	206.600000	1.000000	1.991398
	206.700000	1.000000	1.951745
	206.800000	1.000000	1.805782
	206.900000	0.000000	1.802490
	207.000000	1.000000	1.809079
	207.100000	0.000000	1.851997
	207.200000	1.000000	1.894418
	207.300000	0.000000	1.873642
	207.400000	0.000000	1.806687
	207.500000	1.000000	1.852132
	207.600000	1.000000	1.802240
	207.700000	1.000000	1.906662
	207.800000	1.000000	1.935392
	207.900000	1.000000	1.729370
	208.000000	1.000000	1.896045
	208.100000	1.000000	1.812714
	208.200000	1.000000	2.006718
	208.300000	0.000000	1.901163
	208.400000	0.000000	1.918838
	208.500000	1.000000	1.912330
	208.600000	0.000000	1.813502
	208.700000	1.000000	1.922239
	208.800000	1.000000	1.915813
	208.900000	0.000000	1.768669
	209.000000	0.000000	1.860845
	209.100000	0.000000	1.834172
	209.200000	1.000000	1.769414
	209.300000	1.000000	1.853205
	209.400000	1.000000	1.949851
	209.500000	0.000000	1.814954
	209.600000	1.000000	1.850801
	209.700000	0.000000	1.851429
	209.800000	1.000000	1.939618
	209.900000	0.000000	1.884124
	210.000000	0.000000	1.892370
	210.100000	0.000000	2.024131
	210.200000	1.000000	1.905121
	210.300000	0.000000	1.809682
	210.400000	1.000000	2.000676
	210.500000	1.000000	1.895424
	210.600000	1.000000	1.857745
	210.700000	0.000000	1.908771
	210.800000	1.000000	1.845695
	210.900000	0.000000	1.914247
	211.000000	0.000000	1.918323
	211.100000	0.000000	1.832808
	211.200000	1.000000	1.933901
	211.300000	1.000000	1.938610
	211.400000	0.000000	1.894261
	211.500000	0.000000	1.967870
	211.600000	0.000000	1.917362
	211.700000	1.000000	1.871252
	211.800000	1.000000	1.882270
	211.900000	1.000000	1.812973
	212.000000	1.000000	1.759873
	212.100000	0.000000	1.827700
	212.200000	1.000000	1.867336
	212.300000	1.000000	1.843801
	212.400000	0.000000	1.871793
	212.500000	0.000000	1.936977
	212.600000	1.000000	1.903841
	212.700000	0.000000	1.950157
	212.800000	0.000000	1.924120
	212.900000	0.000000	1.815054
	213.000000	0.000000	1.856914
	213.100000	0.000000	1.818890
	213.200000	1.000000	1.836097
	213.300000	0.000000	1.870683
	213.400000	0.000000	1.896302
	213.500000	0.000000	1.739899
	213.600000	1.000000	1.890959
	213.700000	0.000000	1.842054
	213.800000	1.000000	1.957778
	213.900000	1.000000	1.789210
	214.000000	0.000000	1.961286
	214.100000	1.000000	1.822203
	214.200000	0.000000	1.812859
	214.300000	0.000000	1.973240
	214.400000	0.000000	1.881453
	214.500000	0.000000	1.863685
	214.600000	0.000000	1.899785
	214.700000	0.000000	1.858743
	214.800000	0.000000	1.934230
	214.900000	1.000000	1.862924
	215.000000	1.000000	1.890658
	215.100000	0.000000	1.932849
	215.200000	0.000000	1.949079
	215.300000	0.000000	1.950453
	215.400000	1.000000	1.879479
	215.500000	0.000000	1.933691
	215.600000	0.000000	1.896152
	215.700000	0.000000	1.850360
	215.800000	0.000000	1.975716
	215.900000	1.000000	1.843631
	216.000000	1.000000	1.938331
	216.100000	1.000000	1.867519
	216.200000	1.000000	1.899122
	216.300000	1.000000	1.886594
	216.400000	1.000000	1.904395
	216.500000	1.000000	1.907970
	216.600000	1.000000	1.971725
	216.700000	1.000000	1.933470
	216.800000	1.000000	1.916217
	216.900000	1.000000	1.842842
	217.000000	0.000000	1.875451
	217.100000	1.000000	1.883890
	217.200000	1.000000	1.963914
	217.300000	1.000000	1.796800
	217.400000	1.000000	1.830605
	217.500000	1.000000	1.962930
	217.600000	0.000000	1.896055
	217.700000	1.000000	1.931724
	217.800000	0.000000	1.839409
	217.900000	1.000000	1.895234
	218.000000	1.000000	1.831720
	218.100000	0.000000	1.913990
	218.200000	1.000000	1.896369
	218.300000	1.000000	1.938978
	218.400000	1.000000	1.950661
	218.500000	1.000000	1.926922
	218.600000	0.000000	1.900360
	218.700000	1.000000	1.937418
	218.800000	0.000000	1.962510
	218.900000	1.000000	1.974204
	219.000000	0.000000	1.980704
	219.100000	1.000000	1.857715
	219.200000	1.000000	1.868859
	219.300000	0.000000	1.879382
	219.400000	1.000000	1.826819
	219.500000	1.000000	1.945127
	219.600000	1.000000	1.866518
	219.700000	0.000000	1.950850
	219.800000	1.000000	1.900213
	219.900000	1.000000	1.884420
	220.000000	0.000000	1.895612
	220.100000	1.000000	1.910739
	220.200000	0.000000	1.895226
	220.300000	0.000000	1.981467
	220.400000	0.000000	1.878167
	220.500000	1.000000	1.977115
	220.600000	0.000000	1.865078
	220.700000	1.000000	1.840580
	220.800000	0.000000	1.870828
	220.900000	1.000000	1.878531
	221.000000	1.000000	1.989383
	221.100000	1.000000	1.862551
	221.200000	0.000000	1.871468
	221.300000	0.000000	1.864574
	221.400000	1.000000	1.890796
	221.500000	1.000000	1.938192
	221.600000	1.000000	1.895460
	221.700000	0.000000	1.922382
	221.800000	1.000000	1.933273
	221.900000	1.000000	2.025575
	222.000000	1.000000	2.003774
	222.100000	0.000000	1.943734
	222.200000	1.000000	1.952213
	222.300000	1.000000	1.946435
	222.400000	1.000000	1.853253
	222.500000	1.000000	1.806543
	222.600000	1.000000	1.880826
	222.700000	0.000000	1.904205
	222.800000	0.000000	1.912820
	222.900000	1.000000	1.960436
	223.000000	1.000000	1.861482
	223.100000	1.000000	1.954096
	223.200000	0.000000	2.072350
	223.300000	1.000000	1.899644
	223.400000	0.000000	1.855834
	223.500000	0.000000	1.837243
	223.600000	0.000000	1.930329
	223.700000	1.000000	1.958479
	223.800000	1.000000	1.991859
	223.900000	1.000000	1.906665
	224.000000	0.000000	1.898334
	224.100000	0.000000	1.784060
	224.200000	1.000000	1.844855
	224.300000	1.000000	1.917151
	224.400000	1.000000	1.954864
	224.500000	0.000000	2.005985
	224.600000	0.000000	1.899790
	224.700000	0.000000	2.005622
	224.800000	1.000000	2.050488
	224.900000	0.000000	1.937473
	225.000000	1.000000	2.034184
	225.100000	1.000000	2.016641
	225.200000	0.000000	1.859909
	225.300000	0.000000	1.975560
	225.400000	0.000000	1.983140
	225.500000	1.000000	1.937486
	225.600000	0.000000	2.104369
	225.700000	0.000000	1.924187
	225.800000	0.000000	1.814044
	225.900000	1.000000	2.068049
	226.000000	0.000000	1.854282
	226.100000	1.000000	2.002534
	226.200000	1.000000	2.027765
	226.300000	1.000000	2.005701
	226.400000	1.000000	1.968836
	226.500000	0.000000	1.915580
	226.600000	0.000000	1.977545
	226.700000	0.000000	2.022875
	226.800000	0.000000	1.937274
	226.900000	1.000000	1.948483
	227.000000	0.000000	1.902700
	227.100000	1.000000	1.872860
	227.200000	1.000000	1.941501
	227.300000	1.000000	1.918840
	227.400000	1.000000	1.869034
	227.500000	0.000000	1.970671
	227.600000	0.000000	1.958081
	227.700000	1.000000	1.919988
	227.800000	0.000000	1.840213
	227.900000	1.000000	1.881177
	228.000000	0.000000	1.984729
	228.100000	1.000000	1.973952
	228.200000	1.000000	1.947687
	228.300000	0.000000	1.883496
	228.400000	1.000000	1.990004
	228.500000	1.000000	1.926978
	228.600000	0.000000	1.983906
	228.700000	1.000000	1.927934
	228.800000	1.000000	1.898697
	228.900000	1.000000	2.043021
	229.000000	0.000000	1.809777
	229.100000	1.000000	1.867985
	229.200000	1.000000	2.027409
	229.300000	1.000000	1.894705
	229.400000	1.000000	1.899130
	229.500000	0.000000	1.927575
	229.600000	0.000000	1.939480
	229.700000	0.000000	2.036696
	229.800000	1.000000	2.055228
	229.900000	1.000000	1.837921
	230.000000	1.000000	1.981575
	230.100000	1.000000	1.963997
	230.200000	1.000000	1.860991
	230.300000	1.000000	2.087373
	230.400000	0.000000	2.019041
	230.500000	0.000000	1.842124
	230.600000	0.000000	1.905989
	230.700000	1.000000	1.985140
	230.800000	1.000000	1.964814
	230.900000	0.000000	2.031564
	231.000000	0.000000	1.964234
	231.100000	0.000000	2.038293
	231.200000	1.000000	1.899571
	231.300000	0.000000	1.933849
	231.400000	0.000000	2.023197
	231.500000	1.000000	1.928647
	231.600000	0.000000	2.058992
	231.700000	1.000000	2.049127
	231.800000	1.000000	1.965597
	231.900000	1.000000	1.948757
	232.000000	1.000000	1.961342
	232.100000	0.000000	1.972127
	232.200000	1.000000	1.974511
	232.300000	0.000000	1.911471
	232.400000	1.000000	2.022555
	232.500000	1.000000	1.922546
	232.600000	0.000000	1.903967
	232.700000	1.000000	1.886462
	232.800000	0.000000	1.950479
	232.900000	1.000000	1.957791
	233.000000	1.000000	1.826649
	233.100000	0.000000	2.009134
	233.200000	1.000000	1.991314
	233.300000	0.000000	1.972776
	233.400000	0.000000	1.931776
	233.500000	0.000000	1.919315
	233.600000	0.000000	1.969024
	233.700000	1.000000	1.961811
	233.800000	0.000000	1.980172
	233.900000	0.000000	2.142430
	234.000000	1.000000	1.969229
	234.100000	1.000000	2.024101
	234.200000	0.000000	2.064441
	234.300000	1.000000	1.968919
	234.400000	0.000000	2.062832
	234.500000	0.000000	1.971738
	234.600000	0.000000	1.867262
	234.700000	0.000000	1.897305
	234.800000	1.000000	2.054628
	234.900000	0.000000	1.947785
	235.000000	1.000000	2.064484
	235.100000	1.000000	1.922397
	235.200000	1.000000	1.855166
	235.300000	0.000000	1.991049
	235.400000	1.000000	2.134143
	235.500000	0.000000	1.965620
	235.600000	1.000000	2.072735
	235.700000	0.000000	1.857429
	235.800000	1.000000	1.899434
	235.900000	1.000000	1.971471
	236.000000	0.000000	1.875023
	236.100000	0.000000	1.958237
	236.200000	1.000000	1.827795
	236.300000	1.000000	1.943812
	236.400000	0.000000	1.912760
	236.500000	1.000000	1.901618
	236.600000	1.000000	1.993698
	236.700000	1.000000	1.934446
	236.800000	1.000000	2.038681
	236.900000	1.000000	1.845008
	237.000000	0.000000	1.952582
	237.100000	0.000000	1.888184
	237.200000	0.000000	1.993079
	237.300000	0.000000	1.996303
	237.400000	1.000000	2.065617
	237.500000	0.000000	1.955634
	237.600000	1.000000	1.942496
	237.700000	0.000000	1.891214
	237.800000	1.000000	1.968403
	237.900000	1.000000	1.933180
	238.000000	0.000000	1.993279
	238.100000	0.000000	1.965180
	238.200000	1.000000	1.899797
	238.300000	1.000000	1.961890
	238.400000	1.000000	1.960450
	238.500000	1.000000	1.946702
	238.600000	1.000000	1.949392
	238.700000	1.000000	1.978298
	238.800000	1.000000	1.980759
	238.900000	1.000000	1.936485
	239.000000	1.000000	1.899931
	239.100000	0.000000	2.106665
	239.200000	1.000000	2.030832
	239.300000	0.000000	1.922186
	239.400000	1.000000	1.954192
	239.500000	1.000000	2.009530
	239.600000	1.000000	1.917470
	239.700000	0.000000	2.006557
	239.800000	1.000000	1.961463
	239.900000	1.000000	1.979857
	240.000000	1.000000	1.992914
	240.100000	0.000000	2.020986
	240.200000	0.000000	1.921146
	240.300000	1.000000	1.933601
	240.400000	0.000000	1.912379
	240.500000	1.000000	2.019364
	240.600000	1.000000	2.008122
	240.700000	0.000000	1.912113
	240.800000	1.000000	1.879434
	240.900000	1.000000	2.045647
	241.000000	1.000000	1.930392
	241.100000	1.000000	2.071258
	241.200000	1.000000	2.055410
	241.300000	0.000000	2.074728
	241.400000	0.000000	2.016741
	241.500000	1.000000	2.104963
	241.600000	0.000000	2.120257
	241.700000	1.000000	1.966381
	241.800000	0.000000	1.926832
	241.900000	1.000000	1.961558
	242.000000	0.000000	2.056925
	242.100000	0.000000	2.062010
	242.200000	1.000000	2.135608
	242.300000	1.000000	2.025070
	242.400000	0.000000	2.020738
	242.500000	1.000000	2.032194
	242.600000	0.000000	1.995174
	242.700000	1.000000	2.048790
	242.800000	1.000000	1.943737
	242.900000	1.000000	2.030169
	243.000000	1.000000	1.947382
	243.100000	0.000000	2.046904
	243.200000	1.000000	2.017263
	243.300000	0.000000	2.068937
	243.400000	0.000000	2.074834
	243.500000	0.000000	2.111148
	243.600000	0.000000	1.961664
	243.700000	1.000000	2.023522
	243.800000	0.000000	2.100211
	243.900000	1.000000	1.970394
	244.000000	0.000000	1.978629
	244.100000	1.000000	1.966061
	244.200000	0.000000	2.072245
	244.300000	1.000000	1.972961
	244.400000	0.000000	1.974654
	244.500000	1.000000	1.971279
	244.600000	1.000000	1.944251
	244.700000	1.000000	1.912448
	244.800000	0.000000	2.098721
	244.900000	0.000000	1.944498
	245.000000	0.000000	1.827881
	245.100000	0.000000	1.976055
	245.200000	1.000000	2.075216
	245.300000	0.000000	1.992966
	245.400000	1.000000	1.988124
	245.500000	1.000000	1.864331
	245.600000	0.000000	1.959527
	245.700000	1.000000	2.021785
	245.800000	0.000000	1.998773
	245.900000	0.000000	2.035547
	246.000000	1.000000	2.117274
	246.100000	0.000000	2.110026
	246.200000	0.000000	1.940400
	246.300000	0.000000	2.060229
	246.400000	0.000000	1.941610
	246.500000	1.000000	1.949609
	246.600000	0.000000	1.987639
	246.700000	0.000000	2.008615
	246.800000	1.000000	1.999515
	246.900000	0.000000	2.036981
	247.000000	1.000000	2.086326
	247.100000	1.000000	1.952602
	247.200000	0.000000	2.032047
	247.300000	0.000000	2.016579
	247.400000	0.000000	2.104980
	247.500000	1.000000	1.938689
	247.600000	0.000000	1.881042
	247.700000	1.000000	2.008532
	247.800000	0.000000	2.019449
	247.900000	1.000000	1.927703
	248.000000	0.000000	2.077213
	248.100000	1.000000	1.969956
	248.200000	1.000000	1.922194
	248.300000	0.000000	1.993954
	248.400000	1.000000	2.018354
	248.500000	1.000000	1.986947
	248.600000	0.000000	1.929120
	248.700000	0.000000	1.987682
	248.800000	1.000000	2.036604
	248.900000	1.000000	2.079714
	249.000000	0.000000	1.909540
	249.100000	1.000000	1.964435
	249.200000	1.000000	1.941277
	249.300000	0.000000	1.979603
	249.400000	1.000000	2.056288
	249.500000	1.000000	2.030857
	249.600000	0.000000	1.997538
	249.700000	0.000000	2.136761
	249.800000	0.000000	1.982436
	249.900000	1.000000	2.004721
	250.000000	1.000000	2.067504
	250.100000	1.000000	2.076037
	250.200000	1.000000	2.153761
	250.300000	0.000000	2.013890
	250.400000	0.000000	2.070948
	250.500000	1.000000	1.861829
	250.600000	0.000000	1.965204
	250.700000	0.000000	1.968672
	250.800000	1.000000	2.004034
	250.900000	0.000000	2.008936
	251.000000	1.000000	1.942118
	251.100000	0.000000	1.913311
	251.200000	1.000000	2.080655
	251.300000	0.000000	1.988631
	251.400000	1.000000	2.044254
	251.500000	1.000000	2.049210
	251.600000	0.000000	2.040530
	251.700000	0.000000	2.044741
	251.800000	1.000000	2.109593
	251.900000	0.000000	2.044719
	252.000000	0.000000	2.052009
	252.100000	1.000000	2.041177
	252.200000	1.000000	1.970765
	252.300000	1.000000	2.045929
	252.400000	1.000000	2.143447
	252.500000	0.000000	1.932233
	252.600000	0.000000	1.994635
	252.700000	1.000000	2.034884
	252.800000	0.000000	2.001825
	252.900000	0.000000	1.931514
	253.000000	0.000000	2.086462
	253.100000	0.000000	1.967473
	253.200000	1.000000	2.075043
	253.300000	0.000000	2.072607
	253.400000	1.000000	2.007004
	253.500000	0.000000	2.015053
	253.600000	0.000000	2.098369
	253.700000	1.000000	2.021393
	253.800000	1.000000	1.962904
	253.900000	0.000000	2.010454
	254.000000	1.000000	2.043313
	254.100000	1.000000	2.204387
	254.200000	0.000000	2.083510
	254.300000	1.000000	2.107644
	254.400000	1.000000	2.001932
	254.500000	1.000000	1.971994
	254.600000	0.000000	2.016370
	254.700000	0.000000	2.030447
	254.800000	1.000000	1.968966
	254.900000	1.000000	1.983339
	255.000000	1.000000	2.022801
	255.100000	0.000000	2.025504
	255.200000	0.000000	2.037935
	255.300000	1.000000	2.149349
	255.400000	1.000000	2.066302
	255.500000	0.000000	2.110203
	255.600000	1.000000	2.040369
	255.700000	1.000000	2.005307
	255.800000	0.000000	2.065689
	255.900000	1.000000	2.027870
	256.000000	0.000000	2.037378
	256.100000	0.000000	2.039272
	256.200000	0.000000	2.134571
	256.300000	0.000000	1.890083
	256.400000	1.000000	2.075752
	256.500000	1.000000	2.093306
	256.600000	0.000000	2.120169
	256.700000	1.000000	2.094196
	256.800000	1.000000	2.073604
	256.900000	0.000000	1.958204
	257.000000	1.000000	1.955133
	257.100000	1.000000	2.013171
	257.200000	0.000000	2.077824
	257.300000	1.000000	2.055886
	257.400000	0.000000	1.996124
	257.500000	1.000000	2.048607
	257.600000	1.000000	2.098026
	257.700000	1.000000	1.994005
	257.800000	1.000000	2.095962
	257.900000	1.000000	2.137789
	258.000000	0.000000	2.075719
	258.100000	0.000000	2.044208
	258.200000	0.000000	1.987283
	258.300000	0.000000	2.044136
	258.400000	0.000000	1.970192
	258.500000	0.000000	1.976019
	258.600000	1.000000	2.075652
	258.700000	0.000000	2.078595
	258.800000	1.000000	1.931424
	258.900000	1.000000	1.930952
	259.000000	1.000000	2.062036
	259.100000	0.000000	1.986791
	259.200000	0.000000	2.008504
	259.300000	1.000000	2.173245
	259.400000	1.000000	2.029343
	259.500000	0.000000	1.979714
	259.600000	1.000000	2.076036
	259.700000	1.000000	1.981171
	259.800000	1.000000	2.008292
	259.900000	1.000000	2.085791
	260.000000	0.000000	2.132229
	260.100000	0.000000	1.992796
	260.200000	0.000000	2.215685
	260.300000	0.000000	2.090591
	260.400000	0.000000	2.042301
	260.500000	1.000000	2.026495
	260.600000	1.000000	2.145406
	260.700000	1.000000	2.009027
	260.800000	1.000000	2.042605
	260.900000	1.000000	2.153681
	261.000000	1.000000	2.060907
	261.100000	1.000000	2.099947
	261.200000	0.000000	2.129367
	261.300000	1.000000	2.023202
	261.400000	1.000000	2.084753
	261.500000	1.000000	2.061219
	261.600000	0.000000	2.012162
	261.700000	1.000000	2.017339
	261.800000	0.000000	2.077076
	261.900000	1.000000	2.203423
	262.000000	0.000000	2.123006
	262.100000	1.000000	2.022503
	262.200000	0.000000	1.956977
	262.300000	0.000000	2.040094
	262.400000	0.000000	1.997771
	262.500000	1.000000	2.061929
	262.600000	1.000000	2.007339
	262.700000	0.000000	2.192120
	262.800000	0.000000	2.066198
	262.900000	1.000000	2.019899
	263.000000	0.000000	2.038649
	263.100000	1.000000	2.072291
	263.200000	1.000000	2.092860
	263.300000	1.000000	2.021808
	263.400000	0.000000	1.965159
	263.500000	0.000000	2.022346
	263.600000	0.000000	2.151878
	263.700000	1.000000	2.063399
	263.800000	1.000000	2.007652
	263.900000	1.000000	2.115870
	264.000000	1.000000	2.066640
	264.100000	1.000000	2.118487
	264.200000	0.000000	2.092465
	264.300000	0.000000	1.996457
	264.400000	0.000000	2.038030
	264.500000	0.000000	2.037186
	264.600000	1.000000	2.087886
	264.700000	1.000000	2.087761
	264.800000	1.000000	1.998582
	264.900000	0.000000	2.133426
	265.000000	1.000000	1.955979
	265.100000	1.000000	2.189555
	265.200000	0.000000	2.117506
	265.300000	1.000000	2.050855
	265.400000	1.000000	2.034634
	265.500000	0.000000	2.015212
	265.600000	1.000000	2.095721
	265.700000	1.000000	2.060663
	265.800000	0.000000	2.072967
	265.900000	1.000000	2.012050
	266.000000	1.000000	1.988502
	266.100000	1.000000	2.222016
	266.200000	1.000000	2.064167
	266.300000	1.000000	2.067185
	266.400000	1.000000	2.134239
	266.500000	1.000000	1.932041
	266.600000	1.000000	2.138522
	266.700000	0.000000	2.001410
	266.800000	1.000000	1.996682
	266.900000	0.000000	2.146324
	267.000000	0.000000	2.019325
	267.100000	1.000000	2.019231
	267.200000	1.000000	1.970400
	267.300000	0.000000	2.140916
	267.400000	1.000000	2.151445
	267.500000	1.000000	2.146266
	267.600000	0.000000	2.050728
	267.700000	0.000000	2.018813
	267.800000	1.000000	2.043632
	267.900000	1.000000	1.945605
	268.000000	0.000000	2.065617
	268.100000	0.000000	2.008762
	268.200000	1.000000	2.051456
	268.300000	0.000000	2.047272
	268.400000	1.000000	2.031136
	268.500000	1.000000	2.114551
	268.600000	0.000000	2.037216
	268.700000	1.000000	2.032675
	268.800000	0.000000	2.125520
	268.900000	0.000000	2.086867
	269.000000	1.000000	2.031949
	269.100000	1.000000	2.111360
	269.200000	0.000000	1.991959
	269.300000	0.000000	2.106843
	269.400000	0.000000	2.006862
	269.500000	1.000000	1.983270
	269.600000	0.000000	2.137903
	269.700000	1.000000	2.018332
	269.800000	1.000000	2.079026
	269.900000	1.000000	1.993923
	270.000000	1.000000	1.973235
	270.100000	1.000000	2.013811
	270.200000	1.000000	2.091256
	270.300000	0.000000	2.137499
	270.400000	0.000000	2.039323
	270.500000	1.000000	1.982177
	270.600000	0.000000	2.025135
	270.700000	0.000000	1.997462
	270.800000	0.000000	2.040318
	270.900000	0.000000	2.040234
	271.000000	0.000000	2.064542
	271.100000	0.000000	2.081483
	271.200000	1.000000	2.032272
	271.300000	0.000000	2.111911
	271.400000	0.000000	2.105750
	271.500000	1.000000	2.076306
	271.600000	0.000000	2.049655
	271.700000	0.000000	2.183811
	271.800000	0.000000	2.106287
	271.900000	1.000000	2.116106
	272.000000	0.000000	2.067125
	272.100000	0.000000	2.102045
	272.200000	1.000000	2.109248
	272.300000	1.000000	2.103973
	272.400000	0.000000	2.056047
	272.500000	0.000000	2.070177
	272.600000	0.000000	2.113551
	272.700000	1.000000	2.169812
	272.800000	0.000000	2.021136
	272.900000	0.000000	2.083929
	273.000000	1.000000	2.080826
	273.100000	1.000000	2.050919
	273.200000	1.000000	1.985235
	273.300000	1.000000	1.959436
	273.400000	1.000000	2.126995
	273.500000	1.000000	2.014647
	273.600000	0.000000	2.129227
	273.700000	0.000000	2.148640
	273.800000	0.000000	2.089464
	273.900000	0.000000	1.891447
	274.000000	1.000000	2.072646
	274.100000	0.000000	2.124227
	274.200000	0.000000	2.100167
	274.300000	0.000000	2.066599
	274.400000	1.000000	2.025480
	274.500000	1.000000	2.039892
	274.600000	0.000000	2.090679
	274.700000	0.000000	1.969478
	274.800000	0.000000	2.113574
	274.900000	1.000000	2.201861
	275.000000	0.000000	2.144965
	275.100000	1.000000	2.088674
	275.200000	1.000000	2.059524
	275.300000	0.000000	2.104880
	275.400000	1.000000	2.029940
	275.500000	1.000000	2.057071
	275.600000	1.000000	2.076534
	275.700000	0.000000	2.056725
	275.800000	0.000000	2.150058
	275.900000	0.000000	2.058667
	276.000000	0.000000	2.007917
	276.100000	1.000000	2.130649
	276.200000	0.000000	2.092262
	276.300000	0.000000	2.091356
	276.400000	1.000000	2.015991
	276.500000	0.000000	1.988067
	276.600000	1.000000	2.139411
	276.700000	0.000000	2.060138
	276.800000	0.000000	2.241492
	276.900000	0.000000	1.954724
	277.000000	0.000000	1.984250
	277.100000	1.000000	2.113708
	277.200000	0.000000	2.192458
	277.300000	0.000000	2.080430
	277.400000	0.000000	2.173008
	277.500000	0.000000	2.139743
	277.600000	0.000000	2.113319
	277.700000	1.000000	2.037049
	277.800000	0.000000	2.126561
	277.900000	0.000000	2.082623
	278.000000	1.000000	2.126126
	278.100000	1.000000	2.130280
	278.200000	0.000000	2.001310
	278.300000	1.000000	2.085346
	278.400000	1.000000	2.080190
	278.500000	0.000000	2.090763
	278.600000	0.000000	2.101751
	278.700000	0.000000	2.064774
	278.800000	1.000000	2.075616
	278.900000	0.000000	2.091497
	279.000000	0.000000	2.141992
	279.100000	1.000000	2.075736
	279.200000	0.000000	2.127624
	279.300000	0.000000	2.179948
	279.400000	1.000000	2.216352
	279.500000	1.000000	2.024552
	279.600000	1.000000	2.139175
	279.700000	0.000000	2.164078
	279.800000	1.000000	2.038654
	279.900000	1.000000	2.116700
	280.000000	1.000000	2.046984
	280.100000	0.000000	2.081028
	280.200000	0.000000	2.274147
	280.300000	1.000000	2.164959
	280.400000	1.000000	2.100067
	280.500000	1.000000	2.084792
	280.600000	1.000000	2.118872
	280.700000	0.000000	1.985780
	280.800000	1.000000	2.071148
	280.900000	1.000000	2.094940
	281.000000	0.000000	2.026502
	281.100000	1.000000	2.040169
	281.200000	0.000000	2.114480
	281.300000	0.000000	2.006263
	281.400000	0.000000	2.038284
	281.500000	0.000000	2.165396
	281.600000	0.000000	2.113967
	281.700000	1.000000	2.084232
	281.800000	0.000000	2.112549
	281.900000	1.000000	2.105060
	282.000000	1.000000	2.201366
	282.100000	0.000000	2.145543
	282.200000	0.000000	2.028515
	282.300000	1.000000	2.087652
	282.400000	1.000000	1.948700
	282.500000	1.000000	2.106861
	282.600000	0.000000	2.056803
	282.700000	0.000000	2.124433
	282.800000	1.000000	2.076202
	282.900000	1.000000	2.089806
	283.000000	1.000000	1.980205
	283.100000	1.000000	2.179869
	283.200000	1.000000	2.002964
	283.300000	0.000000	2.039145
	283.400000	1.000000	2.087169
	283.500000	0.000000	2.002727
	283.600000	1.000000	2.100167
	283.700000	0.000000	2.094833
	283.800000	1.000000	2.035042
	283.900000	1.000000	2.032622
	284.000000	1.000000	1.994071
	284.100000	1.000000	2.020722
	284.200000	1.000000	1.976886
	284.300000	1.000000	2.125219
	284.400000	0.000000	1.965694
	284.500000	1.000000	2.044159
	284.600000	0.000000	2.045167
	284.700000	0.000000	2.157348
	284.800000	0.000000	2.190545
	284.900000	0.000000	2.091776
	285.000000	0.000000	2.000811
	285.100000	1.000000	2.134040
	285.200000	1.000000	2.080261
	285.300000	0.000000	2.192589
	285.400000	1.000000	2.116897
	285.500000	0.000000	2.052816
	285.600000	0.000000	2.124767
	285.700000	1.000000	2.113753
	285.800000	0.000000	2.085026
	285.900000	0.000000	2.007557
	286.000000	1.000000	2.092928
	286.100000	1.000000	2.050717
	286.200000	1.000000	2.076504
	286.300000	0.000000	2.057710
	286.400000	0.000000	2.093669
	286.500000	1.000000	2.119351
	286.600000	1.000000	2.164153
	286.700000	0.000000	2.152021
	286.800000	0.000000	2.112828
	286.900000	1.000000	2.030106
	287.000000	0.000000	1.965508
	287.100000	1.000000	2.028432
	287.200000	0.000000	2.123595
	287.300000	0.000000	2.118809
	287.400000	1.000000	2.095179
	287.500000	0.000000	2.057899
	287.600000	0.000000	2.122528
	287.700000	1.000000	2.126959
	287.800000	0.000000	2.102531
	287.900000	0.000000	2.100344
	288.000000	1.000000	2.088375
	288.100000	0.000000	2.039900
	288.200000	1.000000	2.110319
	288.300000	1.000000	2.105496
	288.400000	1.000000	2.038824
	288.500000	1.000000	2.046779
	288.600000	1.000000	2.018793
	288.700000	1.000000	2.165330
	288.800000	0.000000	2.081780
	288.900000	1.000000	2.199488
	289.000000	1.000000	2.144918
	289.100000	0.000000	2.121595
	289.200000	0.000000	1.985394
	289.300000	0.000000	2.076083
	289.400000	0.000000	2.091779
	289.500000	1.000000	2.060341
	289.600000	0.000000	2.043923
	289.700000	0.000000	2.236657
	289.800000	0.000000	2.001412
	289.900000	0.000000	2.011936
	290.000000	0.000000	1.947856
	290.100000	0.000000	2.059576
	290.200000	0.000000	2.026503
	290.300000	0.000000	1.978261
	290.400000	1.000000	2.181107
	290.500000	1.000000	1.981933
	290.600000	0.000000	2.012203
	290.700000	0.000000	2.146933
	290.800000	1.000000	2.125031
	290.900000	1.000000	2.158360
	291.000000	0.000000	2.219670
	291.100000	0.000000	2.108430
	291.200000	0.000000	2.083811
	291.300000	0.000000	1.995189
	291.400000	0.000000	2.077093
	291.500000	1.000000	2.068330
	291.600000	0.000000	2.073933
	291.700000	1.000000	2.053800
	291.800000	1.000000	2.055031
	291.900000	0.000000	2.154703
	292.000000	1.000000	1.984459
	292.100000	1.000000	2.115820
	292.200000	1.000000	1.987091
	292.300000	1.000000	2.065850
	292.400000	0.000000	2.179761
	292.500000	0.000000	2.117183
	292.600000	0.000000	2.096357
	292.700000	1.000000	2.088429
	292.800000	0.000000	2.046487
	292.900000	1.000000	2.057055
	293.000000	1.000000	2.081870
	293.100000	1.000000	2.140401
	293.200000	1.000000	2.133677
	293.300000	0.000000	2.118558
	293.400000	1.000000	2.052132
	293.500000	0.000000	2.124967
	293.600000	0.000000	1.951332
	293.700000	1.000000	2.047088
	293.800000	0.000000	2.049285
	293.900000	1.000000	2.085365
	294.000000	0.000000	2.032712
	294.100000	1.000000	2.165490
	294.200000	0.000000	2.140671
	294.300000	0.000000	1.998782
	294.400000	0.000000	2.033013
	294.500000	0.000000	2.016422
	294.600000	0.000000	1.957405
	294.700000	1.000000	2.119307
	294.800000	0.000000	2.038104
	294.900000	1.000000	2.077786
	295.000000	0.000000	2.056440
	295.100000	0.000000	2.173039
	295.200000	0.000000	2.134530
	295.300000	1.000000	2.033445
	295.400000	1.000000	2.050736
	295.500000	1.000000	2.023404
	295.600000	1.000000	2.122888
	295.700000	0.000000	1.990806
	295.800000	0.000000	2.030041
	295.900000	1.000000	2.059225
	296.000000	1.000000	2.075122
	296.100000	0.000000	2.080187
	296.200000	1.000000	2.000322
	296.300000	0.000000	2.009017
	296.400000	1.000000	1.994748
	296.500000	0.000000	2.069259
	296.600000	0.000000	2.190670
	296.700000	0.000000	2.063637
	296.800000	0.000000	2.054554
	296.900000	1.000000	2.112924
	297.000000	0.000000	2.002507
	297.100000	1.000000	2.015740
	297.200000	1.000000	2.039341
	297.300000	0.000000	2.000778
	297.400000	0.000000	2.033887
	297.500000	1.000000	2.048114
	297.600000	0.000000	2.052659
	297.700000	1.000000	2.071513
	297.800000	0.000000	2.089411
	297.900000	0.000000	2.090484
	298.000000	1.000000	2.075740
	298.100000	1.000000	2.040542
	298.200000	0.000000	2.035576
	298.300000	1.000000	2.154912
	298.400000	0.000000	1.978209
	298.500000	0.000000	2.153663
	298.600000	1.000000	1.964598
	298.700000	1.000000	2.041573
	298.800000	1.000000	2.111096
	298.900000	0.000000	2.014384
	299.000000	1.000000	2.013959
	299.100000	1.000000	2.057675
	299.200000	0.000000	2.102652
	299.300000	1.000000	1.993273
	299.400000	0.000000	2.027139
	299.500000	1.000000	2.126228
	299.600000	1.000000	2.078507
	299.700000	1.000000	2.030013
	299.800000	0.000000	2.014983
	299.900000	1.000000	2.074676
