	0.000000	1.000000	0.143612
	0.100000	1.000000	-0.069605
	0.200000	1.000000	-0.018513
	0.300000	1.000000	-0.090410
	0.400000	1.000000	-0.125881
	0.500000	1.000000	0.128194
	0.600000	1.000000	-0.027450
	0.700000	1.000000	-0.045521
	0.800000	1.000000	0.082748
	0.900000	1.000000	0.236299
	1.000000	1.000000	-0.076287
	1.100000	1.000000	-0.059344
	1.200000	1.000000	0.023559
	1.300000	1.000000	0.162203
	1.400000	1.000000	-0.150193
	1.500000	1.000000	-0.197588
	1.600000	1.000000	-0.000795
	1.700000	1.000000	-0.031508
	1.800000	1.000000	0.018458
	1.900000	1.000000	-0.072546
	2.000000	1.000000	0.153907
	2.100000	1.000000	0.145559
	2.200000	1.000000	0.020229
	2.300000	1.000000	0.093283
	2.400000	1.000000	0.013423
	2.500000	1.000000	-0.104605
	2.600000	1.000000	-0.096325
	2.700000	1.000000	0.018697
	2.800000	1.000000	-0.174292
	2.900000	1.000000	-0.041720
	3.000000	1.000000	-0.025027
	3.100000	1.000000	0.126823
	3.200000	1.000000	0.111539
	3.300000	1.000000	0.101147
	3.400000	1.000000	0.102408
	3.500000	1.000000	-0.115328
	3.600000	1.000000	0.015320
	3.700000	1.000000	-0.234794
	3.800000	1.000000	0.062146
	3.900000	1.000000	0.138287
	4.000000	1.000000	-0.035030
	4.100000	1.000000	0.035346
	4.200000	1.000000	0.082129
	4.300000	1.000000	0.068516
	4.400000	1.000000	-0.077809
	4.500000	1.000000	0.001464
	4.600000	1.000000	-0.072339
	4.700000	1.000000	0.048519
	4.800000	1.000000	0.065600
	4.900000	1.000000	0.018816
	5.000000	1.000000	-0.126400
	5.100000	1.000000	0.064682
	5.200000	1.000000	-0.082063
	5.300000	1.000000	0.179378
	5.400000	1.000000	-0.179145
	5.500000	1.000000	-0.251513
	5.600000	1.000000	-0.154156
	5.700000	1.000000	-0.033222
	5.800000	1.000000	0.070366
	5.900000	1.000000	-0.021626
	6.000000	1.000000	-0.046514
	6.100000	1.000000	-0.125266
	6.200000	1.000000	0.054538
	6.300000	1.000000	0.053914
	6.400000	1.000000	-0.148605
	6.500000	1.000000	-0.082109
	6.600000	1.000000	0.013029
	6.700000	1.000000	0.017542
	6.800000	1.000000	-0.082143
	6.900000	1.000000	-0.014332
	7.000000	1.000000	-0.078749
	7.100000	1.000000	0.034537
	7.200000	1.000000	0.078694
	7.300000	1.000000	-0.066751
	7.400000	1.000000	-0.051648
	7.500000	1.000000	-0.159635
	7.600000	1.000000	0.165727
	7.700000	1.000000	-0.025348
	7.800000	1.000000	-0.110922
	7.900000	1.000000	-0.062553
	8.000000	1.000000	-0.072612
	8.100000	1.000000	0.110244
	8.200000	1.000000	-0.104192
	8.300000	1.000000	-0.026892
	8.400000	1.000000	0.027612
	8.500000	1.000000	0.008129
	8.600000	1.000000	-0.099223
	8.700000	1.000000	0.113183
	8.800000	1.000000	-0.033911
	8.900000	1.000000	0.165098
	9.000000	1.000000	0.102575
	9.100000	1.000000	-0.018056
	9.200000	1.000000	-0.015301
	9.300000	1.000000	0.054530
	9.400000	1.000000	-0.106278
	9.500000	1.000000	-0.146056
	9.600000	1.000000	0.000227
	9.700000	1.000000	0.100892
	9.800000	1.000000	0.184214
	9.900000	1.000000	-0.026796
	10.000000	1.000000	0.099125
	10.100000	1.000000	0.016454
	10.200000	1.000000	0.046869
	10.300000	1.000000	0.030880
	10.400000	1.000000	-0.075134
	10.500000	1.000000	0.018400
	10.600000	1.000000	-0.030860
	10.700000	1.000000	0.059692
	10.800000	1.000000	0.042536
	10.900000	1.000000	-0.002642
	11.000000	1.000000	-0.150918
	11.100000	1.000000	-0.020201
	11.200000	1.000000	0.039722
	11.300000	1.000000	0.113502
	11.400000	1.000000	-0.005197
	11.500000	1.000000	0.035228
	11.600000	1.000000	-0.180728
	11.700000	1.000000	0.088723
	11.800000	1.000000	0.054218
	11.900000	1.000000	0.007121
	12.000000	1.000000	0.132962
	12.100000	1.000000	-0.022230
	12.200000	1.000000	0.122841
	12.300000	1.000000	0.110230
	12.400000	1.000000	0.153165
	12.500000	1.000000	0.074372
	12.600000	1.000000	0.140072
	12.700000	1.000000	0.154052
	12.800000	1.000000	-0.017407
	12.900000	1.000000	-0.124761
	13.000000	1.000000	0.164325
	13.100000	1.000000	-0.054298
	13.200000	1.000000	0.146308
	13.300000	1.000000	-0.076838
	13.400000	1.000000	-0.197127
	13.500000	1.000000	0.024620
	13.600000	1.000000	0.206291
	13.700000	1.000000	0.147216
	13.800000	1.000000	0.035888
	13.900000	1.000000	-0.127784
	14.000000	1.000000	-0.038587
	14.100000	1.000000	0.243134
	14.200000	1.000000	0.219183
	14.300000	1.000000	0.130267
	14.400000	1.000000	0.191793
	14.500000	1.000000	-0.021135
	14.600000	1.000000	-0.214015
	14.700000	1.000000	0.204993
	14.800000	1.000000	0.186682
	14.900000	1.000000	0.241615
	15.000000	1.000000	0.144594
	15.100000	1.000000	0.144610
	15.200000	1.000000	-0.013856
	15.300000	1.000000	0.028872
	15.400000	1.000000	0.279595
	15.500000	1.000000	0.006127
	15.600000	1.000000	0.172436
	15.700000	1.000000	0.045559
	15.800000	1.000000	-0.034514
	15.900000	1.000000	0.170662
	16.000000	1.000000	0.133698
	16.100000	1.000000	0.390999
	16.200000	1.000000	0.203261
	16.300000	1.000000	0.124162
	16.400000	1.000000	0.238719
	16.500000	1.000000	0.059913
	16.600000	1.000000	0.236307
	16.700000	1.000000	0.375243
	16.800000	1.000000	-0.035875
	16.900000	1.000000	0.252034
	17.000000	1.000000	0.045349
	17.100000	1.000000	0.359071
	17.200000	1.000000	0.212507
	17.300000	1.000000	0.338664
	17.400000	1.000000	0.104387
	17.500000	1.000000	0.191467
	17.600000	1.000000	0.172363
	17.700000	1.000000	0.293889
	17.800000	1.000000	0.191173
	17.900000	1.000000	0.324219
	18.000000	1.000000	0.167288
	18.100000	1.000000	0.106699
	18.200000	1.000000	0.237774
	18.300000	1.000000	0.003906
	18.400000	1.000000	0.399285
	18.500000	1.000000	0.207259
	18.600000	1.000000	0.252425
	18.700000	1.000000	0.221883
	18.800000	1.000000	0.215426
	18.900000	1.000000	0.125694
	19.000000	1.000000	0.379454
	19.100000	1.000000	0.153792
	19.200000	1.000000	0.340121
	19.300000	1.000000	0.509552
	19.400000	1.000000	0.072602
	19.500000	1.000000	0.201733
	19.600000	1.000000	0.265363
	19.700000	1.000000	0.334027
	19.800000	1.000000	0.160761
	19.900000	1.000000	0.145083
	20.000000	1.000000	0.291487
	20.100000	1.000000	0.283689
	20.200000	1.000000	0.198553
	20.300000	1.000000	0.296701
	20.400000	1.000000	0.577795
	20.500000	1.000000	0.223756
	20.600000	1.000000	0.122271
	20.700000	1.000000	0.298455
	20.800000	1.000000	0.309023
	20.900000	1.000000	0.086046
	21.000000	1.000000	0.318056
	21.100000	1.000000	0.536470
	21.200000	1.000000	0.143346
	21.300000	1.000000	0.345535
	21.400000	1.000000	0.235592
	21.500000	1.000000	0.523240
	21.600000	1.000000	0.466398
	21.700000	1.000000	0.498580
	21.800000	1.000000	0.056539
	21.900000	1.000000	0.467987
	22.000000	1.000000	0.365750
	22.100000	1.000000	0.342888
	22.200000	1.000000	0.371465
	22.300000	1.000000	0.272428
	22.400000	1.000000	0.273055
	22.500000	1.000000	0.379708
	22.600000	1.000000	0.439716
	22.700000	1.000000	0.423160
	22.800000	1.000000	0.531558
	22.900000	1.000000	0.421488
	23.000000	1.000000	0.121036
	23.100000	1.000000	0.392156
	23.200000	1.000000	0.354500
	23.300000	1.000000	0.530415
	23.400000	1.000000	0.443250
	23.500000	1.000000	0.697287
	23.600000	1.000000	0.411392
	23.700000	1.000000	0.550082
	23.800000	1.000000	0.462659
	23.900000	1.000000	0.342317
	24.000000	1.000000	0.403090
	24.100000	1.000000	0.422485
	24.200000	1.000000	0.524452
	24.300000	1.000000	0.684995
	24.400000	1.000000	0.759070
	24.500000	1.000000	0.217018
	24.600000	1.000000	0.575636
	24.700000	1.000000	0.540335
	24.800000	1.000000	0.589108
	24.900000	1.000000	0.521243
	25.000000	1.000000	0.387270
	25.100000	1.000000	0.525921
	25.200000	1.000000	0.545159
	25.300000	1.000000	0.312600
	25.400000	1.000000	0.491554
	25.500000	1.000000	0.796977
	25.600000	1.000000	0.487746
	25.700000	1.000000	0.540370
	25.800000	1.000000	0.434696
	25.900000	1.000000	0.572989
	26.000000	1.000000	0.620696
	26.100000	1.000000	0.413642
	26.200000	1.000000	0.321643
	26.300000	1.000000	0.662404
	26.400000	1.000000	0.436283
	26.500000	1.000000	0.349307
	26.600000	1.000000	0.712555
	26.700000	1.000000	0.697068
	26.800000	1.000000	0.647969
	26.900000	1.000000	0.761071
	27.000000	1.000000	0.735920
	27.100000	1.000000	0.727974
	27.200000	1.000000	0.614973
	27.300000	1.000000	0.486681
	27.400000	1.000000	0.749790
	27.500000	1.000000	0.387376
	27.600000	1.000000	0.618544
	27.700000	1.000000	0.593586
	27.800000	1.000000	0.602829
	27.900000	1.000000	0.694854
	28.000000	1.000000	0.512461
	28.100000	1.000000	0.646157
	28.200000	1.000000	0.647852
	28.300000	1.000000	0.890974
	28.400000	1.000000	0.505076
	28.500000	1.000000	0.745056
	28.600000	1.000000	0.474764
	28.700000	1.000000	0.662882
	28.800000	1.000000	0.561375
	28.900000	1.000000	0.478916
	29.000000	1.000000	0.709261
	29.100000	1.000000	0.887626
	29.200000	1.000000	0.481563
	29.300000	1.000000	0.926731
	29.400000	1.000000	0.557397
	29.500000	1.000000	0.737566
	29.600000	1.000000	0.572517
	29.700000	1.000000	0.716888
	29.800000	1.000000	0.707827
	29.900000	1.000000	0.596877
	30.000000	1.000000	0.822108
	30.100000	1.000000	0.727340
	30.200000	1.000000	0.737735
	30.300000	1.000000	0.813769
	30.400000	1.000000	0.850718
	30.500000	1.000000	0.802093
	30.600000	1.000000	0.532594
	30.700000	1.000000	0.521373
	30.800000	1.000000	0.672691
	30.900000	1.000000	0.925480
	31.000000	1.000000	0.722517
	31.100000	1.000000	0.785297
	31.200000	1.000000	0.907400
	31.300000	1.000000	0.995912
	31.400000	1.000000	0.648259
	31.500000	1.000000	0.725964
	31.600000	1.000000	0.817152
	31.700000	1.000000	0.890780
	31.800000	1.000000	0.731156
	31.900000	1.000000	0.631596
	32.000000	1.000000	0.786359
	32.100000	1.000000	0.911189
	32.200000	1.000000	0.896345
	32.300000	1.000000	0.862532
	32.400000	1.000000	0.879453
	32.500000	1.000000	0.722835
	32.600000	1.000000	0.687556
	32.700000	1.000000	0.811612
	32.800000	1.000000	0.818380
	32.900000	1.000000	0.752293
	33.000000	1.000000	1.062108
	33.100000	1.000000	0.585544
	33.200000	1.000000	1.080412
	33.300000	1.000000	0.784492
	33.400000	1.000000	0.725562
	33.500000	1.000000	0.850181
	33.600000	1.000000	0.904268
	33.700000	1.000000	0.927681
	33.800000	1.000000	0.921645
	33.900000	1.000000	0.967333
	34.000000	1.000000	0.880153
	34.100000	1.000000	1.028217
	34.200000	1.000000	0.739111
	34.300000	1.000000	0.890779
	34.400000	1.000000	1.014189
	34.500000	1.000000	0.817039
	34.600000	1.000000	0.975168
	34.700000	1.000000	1.122140
	34.800000	1.000000	0.870603
	34.900000	1.000000	1.189096
	35.000000	1.000000	0.984574
	35.100000	1.000000	1.027388
	35.200000	1.000000	0.719647
	35.300000	1.000000	0.847210
	35.400000	1.000000	1.120495
	35.500000	1.000000	0.880407
	35.600000	1.000000	1.221641
	35.700000	1.000000	1.118762
	35.800000	1.000000	0.898682
	35.900000	1.000000	0.913332
	36.000000	1.000000	1.089596
	36.100000	1.000000	0.883109
	36.200000	1.000000	1.186524
	36.300000	1.000000	0.877067
	36.400000	1.000000	1.048749
	36.500000	1.000000	0.872683
	36.600000	1.000000	1.071074
	36.700000	1.000000	0.835134
	36.800000	1.000000	1.045805
	36.900000	1.000000	0.918223
	37.000000	1.000000	0.867817
	37.100000	1.000000	1.133597
	37.200000	1.000000	1.065577
	37.300000	1.000000	0.949813
	37.400000	1.000000	0.934839
	37.500000	1.000000	1.032831
	37.600000	1.000000	1.089291
	37.700000	1.000000	1.082227
	37.800000	1.000000	1.080688
	37.900000	1.000000	1.322948
	38.000000	1.000000	1.214718
	38.100000	1.000000	1.097729
	38.200000	1.000000	1.135051
	38.300000	1.000000	1.274950
	38.400000	1.000000	1.127411
	38.500000	1.000000	1.197956
	38.600000	1.000000	0.999823
	38.700000	1.000000	1.209892
	38.800000	1.000000	1.153629
	38.900000	1.000000	1.356869
	39.000000	1.000000	1.251575
	39.100000	1.000000	0.996143
	39.200000	1.000000	1.036381
	39.300000	1.000000	1.267969
	39.400000	1.000000	1.218180
	39.500000	1.000000	1.328968
	39.600000	1.000000	1.184737
	39.700000	1.000000	1.118395
	39.800000	1.000000	1.458764
	39.900000	1.000000	1.412790
	40.000000	1.000000	1.222074
	40.100000	1.000000	1.149262
	40.200000	1.000000	1.048708
	40.300000	1.000000	1.342734
	40.400000	1.000000	1.157743
	40.500000	1.000000	1.332764
	40.600000	1.000000	1.045666
	40.700000	1.000000	1.124919
	40.800000	1.000000	1.171456
	40.900000	1.000000	1.319617
	41.000000	1.000000	1.107244
	41.100000	1.000000	1.199087
	41.200000	1.000000	1.270133
	41.300000	1.000000	1.317032
	41.400000	1.000000	1.218676
	41.500000	1.000000	1.340569
	41.600000	1.000000	1.199709
	41.700000	1.000000	1.254777
	41.800000	1.000000	1.287364
	41.900000	1.000000	1.416255
	42.000000	1.000000	1.198373
	42.100000	1.000000	1.231614
	42.200000	1.000000	1.413090
	42.300000	1.000000	1.445150
	42.400000	1.000000	1.318062
	42.500000	1.000000	1.150847
	42.600000	1.000000	1.164878
	42.700000	1.000000	1.480072
	42.800000	1.000000	1.345531
	42.900000	1.000000	1.236914
	43.000000	1.000000	1.351107
	43.100000	1.000000	1.355928
	43.200000	1.000000	1.473370
	43.300000	1.000000	1.283769
	43.400000	1.000000	1.357360
	43.500000	1.000000	1.332986
	43.600000	1.000000	1.615926
	43.700000	1.000000	1.460080
	43.800000	1.000000	1.316762
	43.900000	1.000000	1.216943
	44.000000	1.000000	1.394965
	44.100000	1.000000	1.389192
	44.200000	1.000000	1.319355
	44.300000	1.000000	1.266206
	44.400000	1.000000	1.339968
	44.500000	1.000000	1.225594
	44.600000	1.000000	1.231471
	44.700000	1.000000	1.477044
	44.800000	1.000000	1.444841
	44.900000	1.000000	1.417262
	45.000000	1.000000	1.326837
	45.100000	1.000000	1.237538
	45.200000	1.000000	1.543946
	45.300000	1.000000	1.477434
	45.400000	1.000000	1.398203
	45.500000	1.000000	1.609405
	45.600000	1.000000	1.265056
	45.700000	1.000000	1.345870
	45.800000	1.000000	1.353294
	45.900000	1.000000	1.316657
	46.000000	1.000000	1.202359
	46.100000	1.000000	1.360400
	46.200000	1.000000	1.524585
	46.300000	1.000000	1.373437
	46.400000	1.000000	1.681275
	46.500000	1.000000	1.384308
	46.600000	1.000000	1.469875
	46.700000	1.000000	1.449107
	46.800000	1.000000	1.361726
	46.900000	1.000000	1.541865
	47.000000	1.000000	1.386763
	47.100000	1.000000	1.821153
	47.200000	1.000000	1.378450
	47.300000	1.000000	1.468710
	47.400000	1.000000	1.605963
	47.500000	1.000000	1.397883
	47.600000	1.000000	1.544745
	47.700000	1.000000	1.382607
	47.800000	1.000000	1.459287
	47.900000	1.000000	1.788196
	48.000000	1.000000	1.240523
	48.100000	1.000000	1.659701
	48.200000	1.000000	1.602394
	48.300000	1.000000	1.755750
	48.400000	1.000000	1.526899
	48.500000	1.000000	1.400832
	48.600000	1.000000	1.338253
	48.700000	1.000000	1.759965
	48.800000	1.000000	1.383733
	48.900000	1.000000	1.582090
	49.000000	1.000000	1.498353
	49.100000	1.000000	1.524041
	49.200000	1.000000	1.731709
	49.300000	1.000000	1.596950
	49.400000	1.000000	1.494742
	49.500000	1.000000	1.847483
	49.600000	1.000000	1.600163
	49.700000	1.000000	1.554405
	49.800000	1.000000	1.586523
	49.900000	1.000000	1.820559
	50.000000	1.000000	1.624361
	50.100000	1.000000	1.528301
	50.200000	1.000000	1.656956
	50.300000	1.000000	1.823343
	50.400000	1.000000	1.787456
	50.500000	1.000000	1.367788
	50.600000	1.000000	1.576515
	50.700000	1.000000	1.613129
	50.800000	1.000000	1.460244
	50.900000	1.000000	1.699288
	51.000000	1.000000	1.612511
	51.100000	1.000000	1.714480
	51.200000	1.000000	1.804286
	51.300000	1.000000	1.657400
	51.400000	1.000000	1.828347
	51.500000	1.000000	1.594885
	51.600000	1.000000	1.490283
	51.700000	1.000000	1.596993
	51.800000	1.000000	1.749404
	51.900000	1.000000	1.722069
	52.000000	1.000000	1.715089
	52.100000	1.000000	1.654396
	52.200000	1.000000	1.545574
	52.300000	1.000000	1.752553
	52.400000	1.000000	1.545502
	52.500000	1.000000	1.667035
	52.600000	1.000000	1.755656
	52.700000	1.000000	1.685757
	52.800000	1.000000	1.698308
	52.900000	1.000000	1.656268
	53.000000	1.000000	1.478048
	53.100000	1.000000	1.707024
	53.200000	1.000000	1.623178
	53.300000	1.000000	1.737868
	53.400000	1.000000	1.664800
	53.500000	1.000000	1.965452
	53.600000	1.000000	1.631276
	53.700000	1.000000	1.716686
	53.800000	1.000000	1.802064
	53.900000	1.000000	1.596562
	54.000000	1.000000	1.757777
	54.100000	1.000000	1.741209
	54.200000	1.000000	1.935763
	54.300000	1.000000	1.699016
	54.400000	1.000000	1.527414
	54.500000	1.000000	1.606407
	54.600000	1.000000	1.764047
	54.700000	1.000000	1.827271
	54.800000	1.000000	1.793194
	54.900000	1.000000	1.812110
	55.000000	1.000000	1.720378
	55.100000	1.000000	1.676274
	55.200000	1.000000	2.054819
	55.300000	1.000000	1.663569
	55.400000	1.000000	1.736503
	55.500000	1.000000	1.675762
	55.600000	1.000000	1.809666
	55.700000	1.000000	1.752550
	55.800000	1.000000	1.756753
	55.900000	1.000000	1.780885
	56.000000	1.000000	1.823533
	56.100000	1.000000	2.089532
	56.200000	1.000000	1.807664
	56.300000	1.000000	1.806158
	56.400000	1.000000	1.855626
	56.500000	1.000000	1.908284
	56.600000	1.000000	1.960172
	56.700000	1.000000	1.766483
	56.800000	1.000000	1.666987
	56.900000	1.000000	2.000866
	57.000000	1.000000	1.908671
	57.100000	1.000000	1.935982
	57.200000	1.000000	1.894821
	57.300000	1.000000	1.988967
	57.400000	1.000000	1.757966
	57.500000	1.000000	1.740631
	57.600000	1.000000	1.908950
	57.700000	1.000000	1.959342
	57.800000	1.000000	1.949766
	57.900000	1.000000	1.931086
	58.000000	1.000000	1.930589
	58.100000	1.000000	1.873101
	58.200000	1.000000	2.158020
	58.300000	1.000000	1.874094
	58.400000	1.000000	1.922940
	58.500000	1.000000	1.851050
	58.600000	1.000000	2.195787
	58.700000	1.000000	2.116401
	58.800000	1.000000	2.126936
	58.900000	1.000000	2.017307
	59.000000	1.000000	2.101019
	59.100000	1.000000	1.987062
	59.200000	1.000000	2.195818
	59.300000	1.000000	1.871859
	59.400000	1.000000	1.868906
	59.500000	1.000000	1.943113
	59.600000	1.000000	1.846656
	59.700000	1.000000	2.155039
	59.800000	1.000000	1.706125
	59.900000	1.000000	2.100925
	60.000000	1.000000	1.880622
	60.100000	1.000000	2.134730
	60.200000	1.000000	1.999400
	60.300000	1.000000	2.093511
	60.400000	1.000000	2.070837
	60.500000	1.000000	2.033437
	60.600000	1.000000	1.870603
	60.700000	1.000000	2.098892
	60.800000	1.000000	2.000759
	60.900000	1.000000	2.021579
	61.000000	1.000000	1.972379
	61.100000	1.000000	2.151829
	61.200000	1.000000	2.012725
	61.300000	1.000000	1.973748
	61.400000	1.000000	1.972261
	61.500000	1.000000	1.860634
	61.600000	1.000000	2.038426
	61.700000	1.000000	2.072380
	61.800000	1.000000	2.076503
	61.900000	1.000000	2.353002
	62.000000	1.000000	2.163219
	62.100000	1.000000	2.105419
	62.200000	1.000000	1.936495
	62.300000	1.000000	1.965944
	62.400000	1.000000	2.033282
	62.500000	1.000000	2.225024
	62.600000	1.000000	2.044904
	62.700000	1.000000	1.825565
	62.800000	1.000000	1.987083
	62.900000	1.000000	2.287718
	63.000000	1.000000	2.220081
	63.100000	1.000000	1.966211
	63.200000	1.000000	2.047427
	63.300000	1.000000	2.230835
	63.400000	1.000000	2.019690
	63.500000	1.000000	2.119907
	63.600000	1.000000	1.997630
	63.700000	1.000000	2.080134
	63.800000	1.000000	1.998769
	63.900000	1.000000	2.270298
	64.000000	1.000000	2.050373
	64.100000	1.000000	1.950798
	64.200000	1.000000	2.246090
	64.300000	1.000000	2.203634
	64.400000	1.000000	2.005491
	64.500000	1.000000	2.241693
	64.600000	1.000000	2.179955
	64.700000	1.000000	2.126030
	64.800000	1.000000	2.305523
	64.900000	1.000000	2.233999
	65.000000	1.000000	2.379838
	65.100000	1.000000	2.400615
	65.200000	1.000000	2.260301
	65.300000	1.000000	2.034766
	65.400000	1.000000	2.191396
	65.500000	1.000000	2.404861
	65.600000	1.000000	2.190420
	65.700000	1.000000	2.248254
	65.800000	1.000000	2.261874
	65.900000	1.000000	1.928541
	66.000000	1.000000	2.354543
	66.100000	1.000000	2.185731
	66.200000	1.000000	2.102934
	66.300000	1.000000	2.339222
	66.400000	1.000000	2.186218
	66.500000	1.000000	2.403419
	66.600000	1.000000	2.364477
	66.700000	1.000000	2.472764
	66.800000	1.000000	2.223807
	66.900000	1.000000	2.319585
	67.000000	1.000000	2.260892
	67.100000	1.000000	2.290266
	67.200000	1.000000	2.199222
	67.300000	1.000000	2.258136
	67.400000	1.000000	2.444110
	67.500000	1.000000	2.266023
	67.600000	1.000000	2.149027
	67.700000	1.000000	2.359569
	67.800000	1.000000	2.280681
	67.900000	1.000000	2.381335
	68.000000	1.000000	2.344932
	68.100000	1.000000	2.160545
	68.200000	1.000000	2.275390
	68.300000	1.000000	2.346175
	68.400000	1.000000	2.225619
	68.500000	1.000000	2.106385
	68.600000	1.000000	2.226721
	68.700000	1.000000	1.999672
	68.800000	1.000000	2.268300
	68.900000	1.000000	2.338067
	69.000000	1.000000	2.215561
	69.100000	1.000000	2.380171
	69.200000	1.000000	2.091278
	69.300000	1.000000	2.487301
	69.400000	1.000000	2.070366
	69.500000	1.000000	2.290940
	69.600000	1.000000	2.261926
	69.700000	1.000000	2.490117
	69.800000	1.000000	2.458026
	69.900000	1.000000	2.209508
	70.000000	1.000000	2.231959
	70.100000	1.000000	2.198258
	70.200000	1.000000	2.469105
	70.300000	1.000000	2.448091
	70.400000	1.000000	2.454425
	70.500000	1.000000	2.453682
	70.600000	1.000000	2.338635
	70.700000	1.000000	2.209858
	70.800000	1.000000	2.624298
	70.900000	1.000000	2.185432
	71.000000	1.000000	2.284151
	71.100000	1.000000	2.425452
	71.200000	1.000000	2.392701
	71.300000	1.000000	2.286816
	71.400000	1.000000	2.222180
	71.500000	1.000000	2.229440
	71.600000	1.000000	2.297097
	71.700000	1.000000	2.468364
	71.800000	1.000000	2.521141
	71.900000	1.000000	2.483159
	72.000000	1.000000	2.426965
	72.100000	1.000000	2.530174
	72.200000	1.000000	2.232008
	72.300000	1.000000	2.374826
	72.400000	1.000000	2.416400
	72.500000	1.000000	2.748700
	72.600000	1.000000	2.695948
	72.700000	1.000000	2.294709
	72.800000	1.000000	2.515177
	72.900000	1.000000	2.411208
	73.000000	1.000000	2.356197
	73.100000	1.000000	2.493854
	73.200000	1.000000	2.605191
	73.300000	1.000000	2.400881
	73.400000	1.000000	2.608155
	73.500000	1.000000	2.292447
	73.600000	1.000000	2.318879
	73.700000	1.000000	2.485788
	73.800000	1.000000	2.608158
	73.900000	1.000000	2.294493
	74.000000	1.000000	2.563260
	74.100000	1.000000	2.428670
	74.200000	1.000000	2.365496
	74.300000	1.000000	2.305411
	74.400000	1.000000	2.276021
	74.500000	1.000000	2.591804
	74.600000	1.000000	2.424254
	74.700000	1.000000	2.560482
	74.800000	1.000000	2.146472
	74.900000	1.000000	2.432903
	75.000000	1.000000	2.494478
	75.100000	1.000000	2.351382
	75.200000	1.000000	2.473441
	75.300000	1.000000	2.218315
	75.400000	1.000000	2.629859
	75.500000	1.000000	2.411001
	75.600000	1.000000	2.203029
	75.700000	1.000000	2.374466
	75.800000	1.000000	2.342136
	75.900000	1.000000	2.503375
	76.000000	1.000000	2.421750
	76.100000	1.000000	2.674539
	76.200000	1.000000	2.397549
	76.300000	1.000000	2.366071
	76.400000	1.000000	2.520289
	76.500000	1.000000	2.445813
	76.600000	1.000000	2.568201
	76.700000	1.000000	2.486290
	76.800000	1.000000	2.463703
	76.900000	1.000000	2.481344
	77.000000	1.000000	2.414008
	77.100000	1.000000	2.244856
	77.200000	1.000000	2.395645
	77.300000	1.000000	2.491649
	77.400000	1.000000	2.664844
	77.500000	1.000000	2.414032
	77.600000	1.000000	2.305340
	77.700000	1.000000	2.361832
	77.800000	1.000000	2.582707
	77.900000	1.000000	2.558399
	78.000000	1.000000	2.432132
	78.100000	1.000000	2.523811
	78.200000	1.000000	2.657454
	78.300000	1.000000	2.757857
	78.400000	1.000000	2.581994
	78.500000	1.000000	2.760861
	78.600000	1.000000	2.362826
	78.700000	1.000000	2.402222
	78.800000	1.000000	2.510834
	78.900000	1.000000	2.572905
	79.000000	1.000000	2.542430
	79.100000	1.000000	2.516081
	79.200000	1.000000	2.504544
	79.300000	1.000000	2.586094
	79.400000	1.000000	2.648515
	79.500000	1.000000	2.728152
	79.600000	1.000000	2.863160
	79.700000	1.000000	2.882348
	79.800000	1.000000	2.603056
	79.900000	1.000000	2.702474
	80.000000	1.000000	2.654404
	80.100000	1.000000	2.687070
	80.200000	1.000000	2.901203
	80.300000	1.000000	2.582534
	80.400000	1.000000	2.598130
	80.500000	1.000000	2.613019
	80.600000	1.000000	2.716623
	80.700000	1.000000	2.613452
	80.800000	1.000000	2.580949
	80.900000	1.000000	2.490553
	81.000000	1.000000	2.511793
	81.100000	1.000000	2.582459
	81.200000	1.000000	2.680908
	81.300000	1.000000	2.730604
	81.400000	1.000000	2.498191
	81.500000	1.000000	2.854076
	81.600000	1.000000	2.542935
	81.700000	1.000000	2.526777
	81.800000	1.000000	2.612541
	81.900000	1.000000	2.617605
	82.000000	1.000000	2.557872
	82.100000	1.000000	2.324213
	82.200000	1.000000	2.710103
	82.300000	1.000000	2.553480
	82.400000	1.000000	2.564391
	82.500000	1.000000	2.674725
	82.600000	1.000000	2.596822
	82.700000	1.000000	2.529363
	82.800000	1.000000	2.609486
	82.900000	1.000000	2.542449
	83.000000	1.000000	2.506771
	83.100000	1.000000	2.715182
	83.200000	1.000000	2.659146
	83.300000	1.000000	2.743496
	83.400000	1.000000	2.419037
	83.500000	1.000000	2.661474
	83.600000	1.000000	2.832855
	83.700000	1.000000	2.636632
	83.800000	1.000000	2.571053
	83.900000	1.000000	2.502834
	84.000000	1.000000	2.519229
	84.100000	1.000000	2.490489
	84.200000	1.000000	2.615334
	84.300000	1.000000	2.737303
	84.400000	1.000000	2.583755
	84.500000	1.000000	2.724231
	84.600000	1.000000	2.772014
	84.700000	1.000000	2.562515
	84.800000	1.000000	2.733238
	84.900000	1.000000	2.837606
	85.000000	1.000000	2.661614
	85.100000	1.000000	2.725062
	85.200000	1.000000	2.787533
	85.300000	1.000000	2.784398
	85.400000	1.000000	2.804814
	85.500000	1.000000	2.729892
	85.600000	1.000000	2.948385
	85.700000	1.000000	2.699257
	85.800000	1.000000	2.858285
	85.900000	1.000000	2.697794
	86.000000	1.000000	2.681281
	86.100000	1.000000	2.573844
	86.200000	1.000000	2.738269
	86.300000	1.000000	2.859945
	86.400000	1.000000	2.503596
	86.500000	1.000000	2.860798
	86.600000	1.000000	2.788832
	86.700000	1.000000	2.599967
	86.800000	1.000000	2.709855
	86.900000	1.000000	2.670730
	87.000000	1.000000	2.751374
	87.100000	1.000000	2.709913
	87.200000	1.000000	2.846761
	87.300000	1.000000	2.819033
	87.400000	1.000000	2.773986
	87.500000	1.000000	2.765180
	87.600000	1.000000	2.733804
	87.700000	1.000000	2.776328
	87.800000	1.000000	2.795264
	87.900000	1.000000	2.682542
	88.000000	1.000000	2.623180
	88.100000	1.000000	2.750361
	88.200000	1.000000	2.803497
	88.300000	1.000000	2.803542
	88.400000	1.000000	2.629220
	88.500000	1.000000	2.826669
	88.600000	1.000000	2.760455
	88.700000	1.000000	2.535267
	88.800000	1.000000	2.859972
	88.900000	1.000000	2.771213
	89.000000	1.000000	2.821731
	89.100000	1.000000	2.702558
	89.200000	1.000000	2.727907
	89.300000	1.000000	2.918191
	89.400000	1.000000	2.906125
	89.500000	1.000000	2.815234
	89.600000	1.000000	2.707493
	89.700000	1.000000	2.654792
	89.800000	1.000000	2.719513
	89.900000	1.000000	3.022396
	90.000000	1.000000	2.730542
	90.100000	1.000000	2.760026
	90.200000	1.000000	2.863441
	90.300000	1.000000	2.730297
	90.400000	1.000000	2.836376
	90.500000	1.000000	2.774274
	90.600000	1.000000	2.714050
	90.700000	1.000000	2.623235
	90.800000	1.000000	2.888186
	90.900000	1.000000	2.853635
	91.000000	1.000000	2.638430
	91.100000	1.000000	2.890918
	91.200000	1.000000	2.693137
	91.300000	1.000000	2.740325
	91.400000	1.000000	2.827549
	91.500000	1.000000	2.810718
	91.600000	1.000000	2.901054
	91.700000	1.000000	2.688360
	91.800000	1.000000	2.681778
	91.900000	1.000000	2.619126
	92.000000	1.000000	2.615303
	92.100000	1.000000	2.722541
	92.200000	1.000000	2.897786
	92.300000	1.000000	2.910636
	92.400000	1.000000	2.827984
	92.500000	1.000000	2.800381
	92.600000	1.000000	2.753992
	92.700000	1.000000	2.793798
	92.800000	1.000000	2.725317
	92.900000	1.000000	2.639181
	93.000000	1.000000	2.860537
	93.100000	1.000000	2.782389
	93.200000	1.000000	2.725503
	93.300000	1.000000	2.745185
	93.400000	1.000000	2.678372
	93.500000	1.000000	2.854919
	93.600000	1.000000	2.928328
	93.700000	1.000000	2.850540
	93.800000	1.000000	2.637957
	93.900000	1.000000	3.125648
	94.000000	1.000000	2.904948
	94.100000	1.000000	2.859872
	94.200000	1.000000	2.785879
	94.300000	1.000000	2.996104
	94.400000	1.000000	3.046490
	94.500000	1.000000	2.943547
	94.600000	1.000000	2.941015
	94.700000	1.000000	2.960894
	94.800000	1.000000	2.951429
	94.900000	1.000000	2.848115
	95.000000	1.000000	2.835592
	95.100000	1.000000	2.914626
	95.200000	1.000000	3.060415
	95.300000	1.000000	2.687765
	95.400000	1.000000	2.966137
	95.500000	1.000000	2.967894
	95.600000	1.000000	3.130329
	95.700000	1.000000	3.099813
	95.800000	1.000000	3.161806
	95.900000	1.000000	2.991644
	96.000000	1.000000	3.092330
	96.100000	1.000000	2.940356
	96.200000	1.000000	2.837527
	96.300000	1.000000	2.982677
	96.400000	1.000000	2.834351
	96.500000	1.000000	2.706146
	96.600000	1.000000	3.074117
	96.700000	1.000000	3.008009
	96.800000	1.000000	2.676045
	96.900000	1.000000	2.831405
	97.000000	1.000000	3.002402
	97.100000	1.000000	2.858276
	97.200000	1.000000	3.063971
	97.300000	1.000000	2.836324
	97.400000	1.000000	2.877899
	97.500000	1.000000	3.065007
	97.600000	1.000000	2.845889
	97.700000	1.000000	2.908899
	97.800000	1.000000	2.757191
	97.900000	1.000000	3.146791
	98.000000	1.000000	3.054319
	98.100000	1.000000	3.171488
	98.200000	1.000000	2.946716
	98.300000	1.000000	2.920774
	98.400000	1.000000	3.017991
	98.500000	1.000000	3.167903
	98.600000	1.000000	2.827482
	98.700000	1.000000	3.039716
	98.800000	1.000000	2.640291
	98.900000	1.000000	3.012930
	99.000000	1.000000	2.770337
	99.100000	1.000000	3.083679
	99.200000	1.000000	3.163403
	99.300000	1.000000	3.036425
	99.400000	1.000000	2.910582
	99.500000	1.000000	3.067313
	99.600000	1.000000	3.149293
	99.700000	1.000000	3.097866
	99.800000	1.000000	3.186902
	99.900000	1.000000	2.739390
	100.000000	1.000000	3.110580
	100.100000	1.000000	2.868473
	100.200000	1.000000	2.995013
	100.300000	1.000000	3.034734
	100.400000	1.000000	2.930428
	100.500000	1.000000	3.124469
	100.600000	1.000000	2.998357
	100.700000	1.000000	3.154465
	100.800000	1.000000	3.096806
	100.900000	1.000000	2.901251
	101.000000	1.000000	3.029083
	101.100000	1.000000	3.114210
	101.200000	1.000000	2.915671
	101.300000	1.000000	3.010931
	101.400000	1.000000	3.126728
	101.500000	1.000000	2.913124
	101.600000	1.000000	3.026288
	101.700000	1.000000	3.222458
	101.800000	1.000000	3.161698
	101.900000	1.000000	3.105932
	102.000000	1.000000	3.011917
	102.100000	1.000000	3.105929
	102.200000	1.000000	3.116895
	102.300000	1.000000	3.233055
	102.400000	1.000000	3.228606
	102.500000	1.000000	2.906388
	102.600000	1.000000	2.985118
	102.700000	1.000000	3.054760
	102.800000	1.000000	3.102718
	102.900000	1.000000	3.204201
	103.000000	1.000000	2.896616
	103.100000	1.000000	3.109826
	103.200000	1.000000	3.160608
	103.300000	1.000000	2.891256
	103.400000	1.000000	3.006852
	103.500000	1.000000	3.270569
	103.600000	1.000000	3.098107
	103.700000	1.000000	2.978934
	103.800000	1.000000	2.998513
	103.900000	1.000000	3.079594
	104.000000	1.000000	2.964568
	104.100000	1.000000	3.051370
	104.200000	1.000000	3.178305
	104.300000	1.000000	3.119086
	104.400000	1.000000	3.005967
	104.500000	1.000000	3.199173
	104.600000	1.000000	2.866769
	104.700000	1.000000	3.109141
	104.800000	1.000000	2.910196
	104.900000	1.000000	3.125566
	105.000000	1.000000	2.963238
	105.100000	1.000000	3.170018
	105.200000	1.000000	2.969139
	105.300000	1.000000	3.239995
	105.400000	1.000000	2.872319
	105.500000	1.000000	3.092498
	105.600000	1.000000	2.994434
	105.700000	1.000000	3.071407
	105.800000	1.000000	3.164627
	105.900000	1.000000	3.156302
	106.000000	1.000000	2.984276
	106.100000	1.000000	3.061294
	106.200000	1.000000	3.045601
	106.300000	1.000000	3.274222
	106.400000	1.000000	3.167203
	106.500000	1.000000	3.213002
	106.600000	1.000000	3.122902
	106.700000	1.000000	3.036809
	106.800000	1.000000	3.022938
	106.900000	1.000000	2.962839
	107.000000	1.000000	3.307675
	107.100000	1.000000	3.120599
	107.200000	1.000000	3.116664
	107.300000	1.000000	2.982433
	107.400000	1.000000	3.198395
	107.500000	1.000000	3.129052
	107.600000	1.000000	3.145463
	107.700000	1.000000	3.084222
	107.800000	1.000000	3.138779
	107.900000	1.000000	3.267358
	108.000000	1.000000	3.313026
	108.100000	1.000000	2.935063
	108.200000	1.000000	3.096583
	108.300000	1.000000	3.091464
	108.400000	1.000000	3.104786
	108.500000	1.000000	3.075758
	108.600000	1.000000	3.065929
	108.700000	1.000000	3.348847
	108.800000	1.000000	3.090236
	108.900000	1.000000	2.957194
	109.000000	1.000000	3.092923
	109.100000	1.000000	3.234316
	109.200000	1.000000	3.384940
	109.300000	1.000000	3.181211
	109.400000	1.000000	2.902155
	109.500000	1.000000	3.020630
	109.600000	1.000000	3.180583
	109.700000	1.000000	3.166425
	109.800000	1.000000	3.124082
	109.900000	1.000000	3.093228
	110.000000	1.000000	3.189487
	110.100000	1.000000	3.381340
	110.200000	1.000000	2.961081
	110.300000	1.000000	2.898450
	110.400000	1.000000	3.210055
	110.500000	1.000000	3.204436
	110.600000	1.000000	3.008856
	110.700000	1.000000	3.202108
	110.800000	1.000000	3.190497
	110.900000	1.000000	3.147159
	111.000000	1.000000	2.994753
	111.100000	1.000000	3.142461
	111.200000	1.000000	3.221838
	111.300000	1.000000	3.191177
	111.400000	1.000000	3.086631
	111.500000	1.000000	3.145940
	111.600000	1.000000	3.053222
	111.700000	1.000000	3.291573
	111.800000	1.000000	3.065015
	111.900000	1.000000	3.147227
	112.000000	1.000000	3.219151
	112.100000	1.000000	3.191851
	112.200000	1.000000	3.311282
	112.300000	1.000000	3.218301
	112.400000	1.000000	3.188746
	112.500000	1.000000	3.010145
	112.600000	1.000000	3.257854
	112.700000	1.000000	3.335013
	112.800000	1.000000	3.004840
	112.900000	1.000000	3.377391
	113.000000	1.000000	3.051344
	113.100000	1.000000	3.189777
	113.200000	1.000000	3.252066
	113.300000	1.000000	3.215817
	113.400000	1.000000	3.260501
	113.500000	1.000000	3.154270
	113.600000	1.000000	3.392790
	113.700000	1.000000	3.144913
	113.800000	1.000000	3.263992
	113.900000	1.000000	3.382914
	114.000000	1.000000	3.118012
	114.100000	1.000000	3.332741
	114.200000	1.000000	3.081676
	114.300000	1.000000	3.233675
	114.400000	1.000000	3.436862
	114.500000	1.000000	3.348690
	114.600000	1.000000	3.425340
	114.700000	1.000000	3.411077
	114.800000	1.000000	3.127644
	114.900000	1.000000	3.129112
	115.000000	1.000000	3.180286
	115.100000	1.000000	3.097573
	115.200000	1.000000	3.220939
	115.300000	1.000000	3.111846
	115.400000	1.000000	3.327048
	115.500000	1.000000	3.041509
	115.600000	1.000000	3.110489
	115.700000	1.000000	3.272790
	115.800000	1.000000	3.230561
	115.900000	1.000000	3.185784
	116.000000	1.000000	3.247604
	116.100000	1.000000	3.187064
	116.200000	1.000000	3.244441
	116.300000	1.000000	3.109674
	116.400000	1.000000	3.292779
	116.500000	1.000000	3.286678
	116.600000	1.000000	3.345443
	116.700000	1.000000	3.237875
	116.800000	1.000000	3.050872
	116.900000	1.000000	3.507073
	117.000000	1.000000	2.867504
	117.100000	1.000000	3.370318
	117.200000	1.000000	3.364880
	117.300000	1.000000	3.153860
	117.400000	1.000000	3.221633
	117.500000	1.000000	3.176297
	117.600000	1.000000	3.296549
	117.700000	1.000000	3.173978
	117.800000	1.000000	3.328743
	117.900000	1.000000	3.240169
	118.000000	1.000000	3.519398
	118.100000	1.000000	3.145927
	118.200000	1.000000	3.293460
	118.300000	1.000000	3.450958
	118.400000	1.000000	3.279961
	118.500000	1.000000	3.311563
	118.600000	1.000000	3.154374
	118.700000	1.000000	3.085781
	118.800000	1.000000	3.428265
	118.900000	1.000000	3.128496
	119.000000	1.000000	3.369455
	119.100000	1.000000	3.499374
	119.200000	1.000000	3.250121
	119.300000	1.000000	3.461687
	119.400000	1.000000	3.171382
	119.500000	1.000000	3.123852
	119.600000	1.000000	3.192614
	119.700000	1.000000	3.346193
	119.800000	1.000000	3.028328
	119.900000	1.000000	3.455415
	120.000000	1.000000	3.432619
	120.100000	1.000000	3.488556
	120.200000	1.000000	3.244846
	120.300000	1.000000	3.454533
	120.400000	1.000000	3.485738
	120.500000	1.000000	3.214811
	120.600000	1.000000	3.345249
	120.700000	1.000000	3.430622
	120.800000	1.000000	3.226064
	120.900000	1.000000	3.222741
	121.000000	1.000000	3.245217
	121.100000	1.000000	3.343538
	121.200000	1.000000	3.294166
	121.300000	1.000000	3.263285
	121.400000	1.000000	3.333750
	121.500000	1.000000	3.351309
	121.600000	1.000000	3.073598
	121.700000	1.000000	3.175306
	121.800000	1.000000	3.268979
	121.900000	1.000000	3.210920
	122.000000	1.000000	3.433679
	122.100000	1.000000	3.445265
	122.200000	1.000000	3.206257
	122.300000	1.000000	3.312251
	122.400000	1.000000	3.114481
	122.500000	1.000000	3.245825
	122.600000	1.000000	3.215946
	122.700000	1.000000	3.316718
	122.800000	1.000000	3.432582
	122.900000	1.000000	3.095538
	123.000000	1.000000	3.373283
	123.100000	1.000000	3.478686
	123.200000	1.000000	3.266147
	123.300000	1.000000	3.485353
	123.400000	1.000000	3.371418
	123.500000	1.000000	3.435824
	123.600000	1.000000	3.442388
	123.700000	1.000000	3.305424
	123.800000	1.000000	3.427022
	123.900000	1.000000	3.254960
	124.000000	1.000000	3.319192
	124.100000	1.000000	3.315029
	124.200000	1.000000	3.534944
	124.300000	1.000000	3.356421
	124.400000	1.000000	3.329818
	124.500000	1.000000	3.172354
	124.600000	1.000000	3.300534
	124.700000	1.000000	3.336490
	124.800000	1.000000	3.330942
	124.900000	1.000000	3.317602
	125.000000	1.000000	3.364198
	125.100000	1.000000	3.452896
	125.200000	1.000000	3.174812
	125.300000	1.000000	3.320668
	125.400000	1.000000	3.205643
	125.500000	1.000000	3.292559
	125.600000	1.000000	3.475642
	125.700000	1.000000	3.325077
	125.800000	1.000000	3.451015
	125.900000	1.000000	3.383819
	126.000000	1.000000	3.532886
	126.100000	1.000000	3.453560
	126.200000	1.000000	3.399334
	126.300000	1.000000	3.235509
	126.400000	1.000000	3.505983
	126.500000	1.000000	3.372047
	126.600000	1.000000	3.140184
	126.700000	1.000000	3.498356
	126.800000	1.000000	3.285841
	126.900000	1.000000	3.271418
	127.000000	1.000000	3.300327
	127.100000	1.000000	3.418694
	127.200000	1.000000	3.366342
	127.300000	1.000000	3.218228
	127.400000	1.000000	3.418811
	127.500000	1.000000	3.434366
	127.600000	1.000000	3.318815
	127.700000	1.000000	3.169017
	127.800000	1.000000	3.552889
	127.900000	1.000000	3.437335
	128.000000	1.000000	3.266330
	128.100000	1.000000	3.516647
	128.200000	1.000000	3.583431
	128.300000	1.000000	3.330418
	128.400000	1.000000	3.457452
	128.500000	1.000000	3.475858
	128.600000	1.000000	3.338944
	128.700000	1.000000	3.587796
	128.800000	1.000000	3.684622
	128.900000	1.000000	3.279988
	129.000000	1.000000	3.275459
	129.100000	1.000000	3.157476
	129.200000	1.000000	3.258673
	129.300000	1.000000	3.432703
	129.400000	1.000000	3.560489
	129.500000	1.000000	3.443555
	129.600000	1.000000	3.583686
	129.700000	1.000000	3.387501
	129.800000	1.000000	3.490208
	129.900000	1.000000	3.368000
	130.000000	1.000000	3.579516
	130.100000	1.000000	3.170105
	130.200000	1.000000	3.361612
	130.300000	1.000000	3.121991
	130.400000	1.000000	3.492465
	130.500000	1.000000	3.440551
	130.600000	1.000000	3.272927
	130.700000	1.000000	3.403899
	130.800000	1.000000	3.353470
	130.900000	1.000000	3.108977
	131.000000	1.000000	3.280954
	131.100000	1.000000	3.392706
	131.200000	1.000000	3.599322
	131.300000	1.000000	3.496724
	131.400000	1.000000	3.265538
	131.500000	1.000000	3.369522
	131.600000	1.000000	3.354997
	131.700000	1.000000	3.508803
	131.800000	1.000000	3.443390
	131.900000	1.000000	3.462584
	132.000000	1.000000	3.330203
	132.100000	1.000000	3.359536
	132.200000	1.000000	3.378079
	132.300000	1.000000	3.379081
	132.400000	1.000000	3.287660
	132.500000	1.000000	3.497445
	132.600000	1.000000	3.290174
	132.700000	1.000000	3.194014
	132.800000	1.000000	3.261187
	132.900000	1.000000	3.592038
	133.000000	1.000000	3.748880
	133.100000	1.000000	3.402023
	133.200000	1.000000	3.709757
	133.300000	1.000000	3.421068
	133.400000	1.000000	3.364629
	133.500000	1.000000	3.410981
	133.600000	1.000000	3.448497
	133.700000	1.000000	3.436272
	133.800000	1.000000	3.615890
	133.900000	1.000000	3.355217
	134.000000	1.000000	3.464888
	134.100000	1.000000	3.578432
	134.200000	1.000000	3.474794
	134.300000	1.000000	3.521417
	134.400000	1.000000	3.476872
	134.500000	1.000000	3.435377
	134.600000	1.000000	3.540421
	134.700000	1.000000	3.538664
	134.800000	1.000000	3.618127
	134.900000	1.000000	3.482774
	135.000000	1.000000	3.271609
	135.100000	1.000000	3.439253
	135.200000	1.000000	3.527304
	135.300000	1.000000	3.480320
	135.400000	1.000000	3.521796
	135.500000	1.000000	3.437468
	135.600000	1.000000	3.367973
	135.700000	1.000000	3.512790
	135.800000	1.000000	3.472615
	135.900000	1.000000	3.330568
	136.000000	1.000000	3.606372
	136.100000	1.000000	3.458295
	136.200000	1.000000	3.379433
	136.300000	1.000000	3.757165
	136.400000	1.000000	3.463534
	136.500000	1.000000	3.452863
	136.600000	1.000000	3.509080
	136.700000	1.000000	3.473773
	136.800000	1.000000	3.559652
	136.900000	1.000000	3.470111
	137.000000	1.000000	3.510151
	137.100000	1.000000	3.478814
	137.200000	1.000000	3.340041
	137.300000	1.000000	3.728963
	137.400000	1.000000	3.403845
	137.500000	1.000000	3.329083
	137.600000	1.000000	3.561183
	137.700000	1.000000	3.599732
	137.800000	1.000000	3.509620
	137.900000	1.000000	3.539560
	138.000000	1.000000	3.621696
	138.100000	1.000000	3.500734
	138.200000	1.000000	3.475554
	138.300000	1.000000	3.336739
	138.400000	1.000000	3.541682
	138.500000	1.000000	3.591829
	138.600000	1.000000	3.432541
	138.700000	1.000000	3.630021
	138.800000	1.000000	3.517365
	138.900000	1.000000	3.400106
	139.000000	1.000000	3.755817
	139.100000	1.000000	3.489587
	139.200000	1.000000	3.616484
	139.300000	1.000000	3.420648
	139.400000	1.000000	3.556275
	139.500000	1.000000	3.428554
	139.600000	1.000000	3.632320
	139.700000	1.000000	3.339802
	139.800000	1.000000	3.577176
	139.900000	1.000000	3.470563
	140.000000	1.000000	3.620537
	140.100000	1.000000	3.651712
	140.200000	1.000000	3.614318
	140.300000	1.000000	3.511732
	140.400000	1.000000	3.471323
	140.500000	1.000000	3.460317
	140.600000	1.000000	3.479291
	140.700000	1.000000	3.445339
	140.800000	1.000000	3.628066
	140.900000	1.000000	3.507094
	141.000000	1.000000	3.233717
	141.100000	1.000000	3.503459
	141.200000	1.000000	3.393691
	141.300000	1.000000	3.642797
	141.400000	1.000000	3.468949
	141.500000	1.000000	3.357730
	141.600000	1.000000	3.426195
	141.700000	1.000000	3.583338
	141.800000	1.000000	3.417162
	141.900000	1.000000	3.300773
	142.000000	1.000000	3.764440
	142.100000	1.000000	3.532912
	142.200000	1.000000	3.547818
	142.300000	1.000000	3.509657
	142.400000	1.000000	3.609121
	142.500000	1.000000	3.662053
	142.600000	1.000000	3.423260
	142.700000	1.000000	3.413589
	142.800000	1.000000	3.271372
	142.900000	1.000000	3.585208
	143.000000	1.000000	3.509222
	143.100000	1.000000	3.609479
	143.200000	1.000000	3.523094
	143.300000	1.000000	3.484917
	143.400000	1.000000	3.705122
	143.500000	1.000000	3.736570
	143.600000	1.000000	3.497012
	143.700000	1.000000	3.627601
	143.800000	1.000000	3.632883
	143.900000	1.000000	3.319402
	144.000000	1.000000	3.738581
	144.100000	1.000000	3.462354
	144.200000	1.000000	3.481106
	144.300000	1.000000	3.658284
	144.400000	1.000000	3.601595
	144.500000	1.000000	3.562100
	144.600000	1.000000	3.383503
	144.700000	1.000000	3.619667
	144.800000	1.000000	3.637243
	144.900000	1.000000	3.434640
	145.000000	1.000000	3.491834
	145.100000	1.000000	3.604134
	145.200000	1.000000	3.545050
	145.300000	1.000000	3.492196
	145.400000	1.000000	3.441239
	145.500000	1.000000	3.464804
	145.600000	1.000000	3.827906
	145.700000	1.000000	3.526685
	145.800000	1.000000	3.488370
	145.900000	1.000000	3.366520
	146.000000	1.000000	3.696814
	146.100000	1.000000	3.343608
	146.200000	1.000000	3.230408
	146.300000	1.000000	3.552254
	146.400000	1.000000	3.458294
	146.500000	1.000000	3.852273
	146.600000	1.000000	3.582785
	146.700000	1.000000	3.502127
	146.800000	1.000000	3.605747
	146.900000	1.000000	3.409746
	147.000000	1.000000	3.572667
	147.100000	1.000000	3.424159
	147.200000	1.000000	3.671872
	147.300000	1.000000	3.585328
	147.400000	1.000000	3.565569
	147.500000	1.000000	3.644542
	147.600000	1.000000	3.717700
	147.700000	1.000000	3.614528
	147.800000	1.000000	3.710344
	147.900000	1.000000	3.568413
	148.000000	1.000000	3.468861
	148.100000	1.000000	3.632901
	148.200000	1.000000	3.630340
	148.300000	1.000000	3.542704
	148.400000	1.000000	3.632828
	148.500000	1.000000	3.628649
	148.600000	1.000000	3.676044
	148.700000	1.000000	3.445453
	148.800000	1.000000	3.843647
	148.900000	1.000000	3.529874
	149.000000	1.000000	3.578467
	149.100000	1.000000	3.542341
	149.200000	1.000000	3.675560
	149.300000	1.000000	3.537468
	149.400000	1.000000	3.539128
	149.500000	1.000000	3.509795
	149.600000	1.000000	3.648942
	149.700000	1.000000	3.501455
	149.800000	1.000000	3.627477
	149.900000	1.000000	3.559635
	150.000000	1.000000	3.400315
	150.100000	1.000000	3.581141
	150.200000	1.000000	3.627290
	150.300000	1.000000	3.614612
	150.400000	1.000000	3.723724
	150.500000	1.000000	3.501295
	150.600000	1.000000	3.525068
	150.700000	1.000000	3.624682
	150.800000	1.000000	3.599930
	150.900000	1.000000	3.713023
	151.000000	1.000000	3.430820
	151.100000	1.000000	3.660471
	151.200000	1.000000	3.661132
	151.300000	1.000000	3.526928
	151.400000	1.000000	3.545917
	151.500000	1.000000	3.569298
	151.600000	1.000000	3.799793
	151.700000	1.000000	3.861970
	151.800000	1.000000	3.498353
	151.900000	1.000000	3.425231
	152.000000	1.000000	3.549718
	152.100000	1.000000	3.569278
	152.200000	1.000000	3.562322
	152.300000	1.000000	3.581170
	152.400000	1.000000	3.564760
	152.500000	1.000000	3.642488
	152.600000	1.000000	3.790444
	152.700000	1.000000	3.558905
	152.800000	1.000000	3.508175
	152.900000	1.000000	3.556497
	153.000000	1.000000	3.543073
	153.100000	1.000000	3.467372
	153.200000	1.000000	3.613951
	153.300000	1.000000	3.521850
	153.400000	1.000000	3.537180
	153.500000	1.000000	3.410057
	153.600000	1.000000	3.605893
	153.700000	1.000000	3.636799
	153.800000	1.000000	3.661164
	153.900000	1.000000	3.485513
	154.000000	1.000000	3.581091
	154.100000	1.000000	3.531710
	154.200000	1.000000	3.711375
	154.300000	1.000000	3.544024
	154.400000	1.000000	3.530214
	154.500000	1.000000	3.610898
	154.600000	1.000000	3.767000
	154.700000	1.000000	3.568481
	154.800000	1.000000	3.279522
	154.900000	1.000000	3.444671
	155.000000	1.000000	3.585748
	155.100000	1.000000	3.559900
	155.200000	1.000000	3.560475
	155.300000	1.000000	3.756034
	155.400000	1.000000	3.702783
	155.500000	1.000000	3.730730
	155.600000	1.000000	3.582706
	155.700000	1.000000	3.511875
	155.800000	1.000000	3.563902
	155.900000	1.000000	3.548574
	156.000000	1.000000	3.817902
	156.100000	1.000000	3.553536
	156.200000	1.000000	3.733877
	156.300000	1.000000	3.656944
	156.400000	1.000000	3.624331
	156.500000	1.000000	3.724156
	156.600000	1.000000	3.624173
	156.700000	1.000000	3.787053
	156.800000	1.000000	3.381064
	156.900000	1.000000	3.418892
	157.000000	1.000000	3.503846
	157.100000	1.000000	3.664682
	157.200000	1.000000	3.517913
	157.300000	1.000000	3.727124
	157.400000	1.000000	3.565318
	157.500000	1.000000	3.652466
	157.600000	1.000000	3.669716
	157.700000	1.000000	3.664141
	157.800000	1.000000	3.557154
	157.900000	1.000000	3.609969
	158.000000	1.000000	3.658240
	158.100000	1.000000	3.662481
	158.200000	1.000000	3.527611
	158.300000	1.000000	3.506325
	158.400000	1.000000	3.701225
	158.500000	1.000000	3.508551
	158.600000	1.000000	3.660275
	158.700000	1.000000	3.465281
	158.800000	1.000000	3.866822
	158.900000	1.000000	3.777943
	159.000000	1.000000	3.552124
	159.100000	1.000000	3.599449
	159.200000	1.000000	3.564537
	159.300000	1.000000	3.680317
	159.400000	1.000000	3.776884
	159.500000	1.000000	3.435919
	159.600000	1.000000	3.679990
	159.700000	1.000000	3.677486
	159.800000	1.000000	3.633925
	159.900000	1.000000	3.469537
	160.000000	1.000000	3.810748
	160.100000	1.000000	3.509814
	160.200000	1.000000	3.505281
	160.300000	1.000000	3.676366
	160.400000	1.000000	3.548812
	160.500000	1.000000	3.459543
	160.600000	1.000000	3.717976
	160.700000	1.000000	3.660089
	160.800000	1.000000	3.502944
	160.900000	1.000000	3.580628
	161.000000	1.000000	3.616621
	161.100000	1.000000	3.863793
	161.200000	1.000000	3.662966
	161.300000	1.000000	3.704472
	161.400000	1.000000	3.765975
	161.500000	1.000000	3.586448
	161.600000	1.000000	3.743098
	161.700000	1.000000	3.660621
	161.800000	1.000000	3.708016
	161.900000	1.000000	3.696282
	162.000000	1.000000	3.830347
	162.100000	1.000000	3.589757
	162.200000	1.000000	3.860323
	162.300000	1.000000	3.339481
	162.400000	1.000000	3.762650
	162.500000	1.000000	3.491842
	162.600000	1.000000	3.632188
	162.700000	1.000000	3.644521
	162.800000	1.000000	3.913098
	162.900000	1.000000	3.723143
	163.000000	1.000000	3.618874
	163.100000	1.000000	3.575728
	163.200000	1.000000	3.536546
	163.300000	1.000000	3.592324
	163.400000	1.000000	3.620286
	163.500000	1.000000	3.752686
	163.600000	1.000000	3.825452
	163.700000	1.000000	3.829926
	163.800000	1.000000	3.468098
	163.900000	1.000000	3.849293
	164.000000	1.000000	3.659886
	164.100000	1.000000	3.554485
	164.200000	1.000000	3.791488
	164.300000	1.000000	3.613367
	164.400000	1.000000	3.659113
	164.500000	1.000000	3.268894
	164.600000	1.000000	3.741441
	164.700000	1.000000	3.938499
	164.800000	1.000000	3.931074
	164.900000	1.000000	3.615497
	165.000000	1.000000	3.685749
	165.100000	1.000000	3.719072
	165.200000	1.000000	3.531608
	165.300000	1.000000	3.719679
	165.400000	1.000000	3.673734
	165.500000	1.000000	3.794172
	165.600000	1.000000	3.867253
	165.700000	1.000000	3.559934
	165.800000	1.000000	3.500833
	165.900000	1.000000	3.632754
	166.000000	1.000000	3.771319
	166.100000	1.000000	3.737160
	166.200000	1.000000	3.814444
	166.300000	1.000000	3.540803
	166.400000	1.000000	3.668861
	166.500000	1.000000	3.559930
	166.600000	1.000000	3.698722
	166.700000	1.000000	3.896106
	166.800000	1.000000	3.548473
	166.900000	1.000000	3.733544
	167.000000	1.000000	3.768270
	167.100000	1.000000	3.588271
	167.200000	1.000000	3.859111
	167.300000	1.000000	3.790841
	167.400000	1.000000	3.708634
	167.500000	1.000000	3.678965
	167.600000	1.000000	3.601270
	167.700000	1.000000	3.689933
	167.800000	1.000000	3.642898
	167.900000	1.000000	3.672481
	168.000000	1.000000	3.643902
	168.100000	1.000000	3.645674
	168.200000	1.000000	3.747048
	168.300000	1.000000	3.833120
	168.400000	1.000000	3.688037
	168.500000	1.000000	3.644653
	168.600000	1.000000	3.540428
	168.700000	1.000000	3.748484
	168.800000	1.000000	3.630098
	168.900000	1.000000	3.742939
	169.000000	1.000000	3.645538
	169.100000	1.000000	3.725506
	169.200000	1.000000	3.704926
	169.300000	1.000000	3.512666
	169.400000	1.000000	3.662091
	169.500000	1.000000	3.554980
	169.600000	1.000000	3.570466
	169.700000	1.000000	3.500702
	169.800000	1.000000	3.605417
	169.900000	1.000000	3.731188
	170.000000	1.000000	3.653373
	170.100000	1.000000	3.694081
	170.200000	1.000000	3.488549
	170.300000	1.000000	3.626410
	170.400000	1.000000	3.705778
	170.500000	1.000000	3.666093
	170.600000	1.000000	3.659532
	170.700000	1.000000	3.750127
	170.800000	1.000000	3.918680
	170.900000	1.000000	3.770223
	171.000000	1.000000	3.665475
	171.100000	1.000000	3.612998
	171.200000	1.000000	3.649532
	171.300000	1.000000	3.634194
	171.400000	1.000000	3.574587
	171.500000	1.000000	3.625760
	171.600000	1.000000	3.716178
	171.700000	1.000000	3.693954
	171.800000	1.000000	3.666231
	171.900000	1.000000	3.559593
	172.000000	1.000000	3.682470
	172.100000	1.000000	3.677622
	172.200000	1.000000	3.816389
	172.300000	1.000000	3.709767
	172.400000	1.000000	3.596029
	172.500000	1.000000	3.449684
	172.600000	1.000000	3.751101
	172.700000	1.000000	4.050450
	172.800000	1.000000	3.735064
	172.900000	1.000000	3.864602
	173.000000	1.000000	3.695822
	173.100000	1.000000	3.568513
	173.200000	1.000000	3.685173
	173.300000	1.000000	3.894677
	173.400000	1.000000	3.527444
	173.500000	1.000000	3.768858
	173.600000	1.000000	3.598459
	173.700000	1.000000	3.800815
	173.800000	1.000000	3.741484
	173.900000	1.000000	3.830232
	174.000000	1.000000	3.750168
	174.100000	1.000000	3.958859
	174.200000	1.000000	3.790308
	174.300000	1.000000	3.737858
	174.400000	1.000000	3.737979
	174.500000	1.000000	3.768585
	174.600000	1.000000	3.689792
	174.700000	1.000000	3.554687
	174.800000	1.000000	3.640043
	174.900000	1.000000	3.633106
	175.000000	1.000000	3.896956
	175.100000	1.000000	3.798067
	175.200000	1.000000	3.849641
	175.300000	1.000000	3.520146
	175.400000	1.000000	3.792323
	175.500000	1.000000	3.831210
	175.600000	1.000000	3.949924
	175.700000	1.000000	3.726007
	175.800000	1.000000	3.912969
	175.900000	1.000000	3.895917
	176.000000	1.000000	3.651678
	176.100000	1.000000	3.759011
	176.200000	1.000000	3.686652
	176.300000	1.000000	3.854906
	176.400000	1.000000	3.756371
	176.500000	1.000000	3.820398
	176.600000	1.000000	3.746513
	176.700000	1.000000	3.681351
	176.800000	1.000000	3.881804
	176.900000	1.000000	3.721470
	177.000000	1.000000	3.712600
	177.100000	1.000000	3.767469
	177.200000	1.000000	3.999896
	177.300000	1.000000	3.752315
	177.400000	1.000000	3.787436
	177.500000	1.000000	3.892548
	177.600000	1.000000	3.744948
	177.700000	1.000000	3.790637
	177.800000	1.000000	3.764189
	177.900000	1.000000	3.985784
	178.000000	1.000000	3.641335
	178.100000	1.000000	3.726662
	178.200000	1.000000	3.616474
	178.300000	1.000000	3.675832
	178.400000	1.000000	3.683308
	178.500000	1.000000	3.888148
	178.600000	1.000000	3.688092
	178.700000	1.000000	3.795811
	178.800000	1.000000	3.770806
	178.900000	1.000000	3.592768
	179.000000	1.000000	3.851112
	179.100000	1.000000	3.622128
	179.200000	1.000000	3.877374
	179.300000	1.000000	3.682618
	179.400000	1.000000	3.643020
	179.500000	1.000000	3.864549
	179.600000	1.000000	3.775627
	179.700000	1.000000	3.808305
	179.800000	1.000000	3.907682
	179.900000	1.000000	3.705362
	180.000000	1.000000	3.818686
	180.100000	1.000000	3.750623
	180.200000	1.000000	3.717852
	180.300000	1.000000	3.634822
	180.400000	1.000000	3.841885
	180.500000	1.000000	3.772969
	180.600000	1.000000	3.713597
	180.700000	1.000000	3.869302
	180.800000	1.000000	3.949568
	180.900000	1.000000	3.658273
	181.000000	1.000000	3.708682
	181.100000	1.000000	3.772824
	181.200000	1.000000	3.762022
	181.300000	1.000000	3.423296
	181.400000	1.000000	3.654895
	181.500000	1.000000	3.790603
	181.600000	1.000000	3.715468
	181.700000	1.000000	3.762069
	181.800000	1.000000	3.743220
	181.900000	1.000000	3.862943
	182.000000	1.000000	3.658215
	182.100000	1.000000	3.906581
	182.200000	1.000000	3.923966
	182.300000	1.000000	3.896044
	182.400000	1.000000	3.861752
	182.500000	1.000000	3.838745
	182.600000	1.000000	3.739235
	182.700000	1.000000	3.850803
	182.800000	1.000000	4.003660
	182.900000	1.000000	3.606600
	183.000000	1.000000	3.719317
	183.100000	1.000000	3.622238
	183.200000	1.000000	3.591444
	183.300000	1.000000	3.672805
	183.400000	1.000000	3.702326
	183.500000	1.000000	3.669601
	183.600000	1.000000	3.803826
	183.700000	1.000000	3.572349
	183.800000	1.000000	3.788466
	183.900000	1.000000	3.778402
	184.000000	1.000000	3.714773
	184.100000	1.000000	3.629170
	184.200000	1.000000	3.656183
	184.300000	1.000000	3.822566
	184.400000	1.000000	3.732735
	184.500000	1.000000	3.876903
	184.600000	1.000000	3.682875
	184.700000	1.000000	3.768723
	184.800000	1.000000	3.738701
	184.900000	1.000000	3.594930
	185.000000	1.000000	3.902174
	185.100000	1.000000	3.623833
	185.200000	1.000000	3.757335
	185.300000	1.000000	3.823306
	185.400000	1.000000	3.833583
	185.500000	1.000000	3.833189
	185.600000	1.000000	3.890716
	185.700000	1.000000	3.747976
	185.800000	1.000000	3.809638
	185.900000	1.000000	3.567098
	186.000000	1.000000	3.879159
	186.100000	1.000000	3.798069
	186.200000	1.000000	3.833882
	186.300000	1.000000	3.750923
	186.400000	1.000000	3.960816
	186.500000	1.000000	4.154739
	186.600000	1.000000	3.765682
	186.700000	1.000000	3.924613
	186.800000	1.000000	3.781883
	186.900000	1.000000	3.884166
	187.000000	1.000000	4.006093
	187.100000	1.000000	3.686823
	187.200000	1.000000	3.777280
	187.300000	1.000000	3.708673
	187.400000	1.000000	3.860045
	187.500000	1.000000	3.728035
	187.600000	1.000000	3.615172
	187.700000	1.000000	3.929992
	187.800000	1.000000	3.783749
	187.900000	1.000000	3.888015
	188.000000	1.000000	3.804551
	188.100000	1.000000	3.875175
	188.200000	1.000000	3.637748
	188.300000	1.000000	3.870772
	188.400000	1.000000	3.915165
	188.500000	1.000000	3.704838
	188.600000	1.000000	3.821958
	188.700000	1.000000	3.804825
	188.800000	1.000000	4.030676
	188.900000	1.000000	3.935020
	189.000000	1.000000	3.784384
	189.100000	1.000000	3.843308
	189.200000	1.000000	3.784870
	189.300000	1.000000	3.851112
	189.400000	1.000000	3.860589
	189.500000	1.000000	3.926103
	189.600000	1.000000	3.862562
	189.700000	1.000000	3.906809
	189.800000	1.000000	3.881266
	189.900000	1.000000	3.808310
	190.000000	1.000000	3.904710
	190.100000	1.000000	3.555216
	190.200000	1.000000	3.791330
	190.300000	1.000000	4.005412
	190.400000	1.000000	3.870598
	190.500000	1.000000	3.567460
	190.600000	1.000000	3.877213
	190.700000	1.000000	3.842785
	190.800000	1.000000	3.925166
	190.900000	1.000000	3.582123
	191.000000	1.000000	3.733672
	191.100000	1.000000	3.879992
	191.200000	1.000000	3.712005
	191.300000	1.000000	3.686152
	191.400000	1.000000	3.914538
	191.500000	1.000000	3.803649
	191.600000	1.000000	3.861424
	191.700000	1.000000	3.876419
	191.800000	1.000000	3.802423
	191.900000	1.000000	3.826163
	192.000000	1.000000	3.823001
	192.100000	1.000000	3.785862
	192.200000	1.000000	3.736789
	192.300000	1.000000	3.876835
	192.400000	1.000000	3.921107
	192.500000	1.000000	3.839864
	192.600000	1.000000	4.086861
	192.700000	1.000000	3.776446
	192.800000	1.000000	3.762600
	192.900000	1.000000	3.778903
	193.000000	1.000000	3.578644
	193.100000	1.000000	3.943870
	193.200000	1.000000	3.521439
	193.300000	1.000000	3.791039
	193.400000	1.000000	3.704518
	193.500000	1.000000	3.851016
	193.600000	1.000000	3.659258
	193.700000	1.000000	3.776970
	193.800000	1.000000	3.663229
	193.900000	1.000000	3.733778
	194.000000	1.000000	3.833538
	194.100000	1.000000	3.852181
	194.200000	1.000000	3.766590
	194.300000	1.000000	3.893879
	194.400000	1.000000	4.133896
	194.500000	1.000000	3.732715
	194.600000	1.000000	3.990798
	194.700000	1.000000	3.755764
	194.800000	1.000000	3.682508
	194.900000	1.000000	3.674449
	195.000000	1.000000	3.943536
	195.100000	1.000000	3.691111
	195.200000	1.000000	3.790195
	195.300000	1.000000	3.788818
	195.400000	1.000000	3.911148
	195.500000	1.000000	3.839453
	195.600000	1.000000	3.654829
	195.700000	1.000000	3.737263
	195.800000	1.000000	3.964222
	195.900000	1.000000	4.100074
	196.000000	1.000000	3.538605
	196.100000	1.000000	3.891225
	196.200000	1.000000	3.890682
	196.300000	1.000000	3.920381
	196.400000	1.000000	3.690242
	196.500000	1.000000	3.717784
	196.600000	1.000000	3.494694
	196.700000	1.000000	4.001388
	196.800000	1.000000	3.810939
	196.900000	1.000000	4.076791
	197.000000	1.000000	3.681936
	197.100000	1.000000	3.720714
	197.200000	1.000000	3.864476
	197.300000	1.000000	3.878399
	197.400000	1.000000	3.836898
	197.500000	1.000000	3.583681
	197.600000	1.000000	3.719904
	197.700000	1.000000	4.038527
	197.800000	1.000000	3.734456
	197.900000	1.000000	3.921122
	198.000000	1.000000	3.939538
	198.100000	1.000000	3.697640
	198.200000	1.000000	3.827445
	198.300000	1.000000	3.815671
	198.400000	1.000000	3.861100
	198.500000	1.000000	3.668852
	198.600000	1.000000	3.709001
	198.700000	1.000000	3.847471
	198.800000	1.000000	4.008197
	198.900000	1.000000	3.925283
	199.000000	1.000000	3.904206
	199.100000	1.000000	3.726724
	199.200000	1.000000	3.830875
	199.300000	1.000000	3.587848
	199.400000	1.000000	3.733186
	199.500000	1.000000	3.734976
	199.600000	1.000000	3.682479
	199.700000	1.000000	3.601358
	199.800000	1.000000	3.717807
	199.900000	1.000000	3.824925
	200.000000	1.000000	3.606136
	200.100000	1.000000	4.050948
	200.200000	1.000000	4.107921
	200.300000	1.000000	3.748336
	200.400000	1.000000	3.826862
	200.500000	1.000000	3.793693
	200.600000	1.000000	4.079365
	200.700000	1.000000	3.977262
	200.800000	1.000000	3.826206
	200.900000	1.000000	3.879786
	201.000000	1.000000	3.934272
	201.100000	1.000000	4.101015
	201.200000	1.000000	4.091903
	201.300000	1.000000	3.674515
	201.400000	1.000000	3.804903
	201.500000	1.000000	3.982705
	201.600000	1.000000	3.855620
	201.700000	1.000000	3.931072
	201.800000	1.000000	3.836821
	201.900000	1.000000	3.886121
	202.000000	1.000000	3.912869
	202.100000	1.000000	3.913343
	202.200000	1.000000	3.898997
	202.300000	1.000000	4.083461
	202.400000	1.000000	3.792497
	202.500000	1.000000	3.870942
	202.600000	1.000000	3.899597
	202.700000	1.000000	3.837811
	202.800000	1.000000	3.807007
	202.900000	1.000000	3.736206
	203.000000	1.000000	3.909525
	203.100000	1.000000	3.626928
	203.200000	1.000000	3.688075
	203.300000	1.000000	3.911439
	203.400000	1.000000	3.939788
	203.500000	1.000000	3.910938
	203.600000	1.000000	3.939471
	203.700000	1.000000	4.009897
	203.800000	1.000000	3.811425
	203.900000	1.000000	3.852909
	204.000000	1.000000	3.903523
	204.100000	1.000000	3.810820
	204.200000	1.000000	3.933571
	204.300000	1.000000	3.913414
	204.400000	1.000000	3.688769
	204.500000	1.000000	3.652955
	204.600000	1.000000	4.037241
	204.700000	1.000000	3.742366
	204.800000	1.000000	3.759500
	204.900000	1.000000	3.654246
	205.000000	1.000000	3.744698
	205.100000	1.000000	3.795094
	205.200000	1.000000	3.935160
	205.300000	1.000000	3.788738
	205.400000	1.000000	3.826658
	205.500000	1.000000	4.003956
	205.600000	1.000000	3.796175
	205.700000	1.000000	3.932608
	205.800000	1.000000	3.683566
	205.900000	1.000000	3.746622
	206.000000	1.000000	3.779787
	206.100000	1.000000	4.149000
	206.200000	1.000000	4.007952
	206.300000	1.000000	3.971460
	206.400000	1.000000	3.837969
	206.500000	1.000000	3.873701
	206.600000	1.000000	4.084116
	206.700000	1.000000	4.005175
	206.800000	1.000000	3.714979
	206.900000	1.000000	3.708427
	207.000000	1.000000	3.721571
	207.100000	1.000000	3.806981
	207.200000	1.000000	3.891403
	207.300000	1.000000	3.850145
	207.400000	1.000000	3.717040
	207.500000	1.000000	3.807292
	207.600000	1.000000	3.707986
	207.700000	1.000000	3.915407
	207.800000	1.000000	3.972377
	207.900000	1.000000	3.562730
	208.000000	1.000000	3.893892
	208.100000	1.000000	3.728060
	208.200000	1.000000	4.113426
	208.300000	1.000000	3.903307
	208.400000	1.000000	3.938074
	208.500000	1.000000	3.924716
	208.600000	1.000000	3.727801
	208.700000	1.000000	3.943462
	208.800000	1.000000	3.930279
	208.900000	1.000000	3.637451
	209.000000	1.000000	3.820378
	209.100000	1.000000	3.767127
	209.200000	1.000000	3.638177
	209.300000	1.000000	3.804499
	209.400000	1.000000	3.996429
	209.500000	1.000000	3.728125
	209.600000	1.000000	3.799149
	209.700000	1.000000	3.800111
	209.800000	1.000000	3.975062
	209.900000	1.000000	3.864360
	210.000000	1.000000	3.880356
	210.100000	1.000000	4.141920
	210.200000	1.000000	3.905091
	210.300000	1.000000	3.715172
	210.400000	1.000000	4.094651
	210.500000	1.000000	3.885287
	210.600000	1.000000	3.810179
	210.700000	1.000000	3.911389
	210.800000	1.000000	3.785800
	210.900000	1.000000	3.921792
	211.000000	1.000000	3.929567
	211.100000	1.000000	3.759207
	211.200000	1.000000	3.959769
	211.300000	1.000000	3.968811
	211.400000	1.000000	3.880341
	211.500000	1.000000	4.026337
	211.600000	1.000000	3.925687
	211.700000	1.000000	3.833780
	211.800000	1.000000	3.855370
	211.900000	1.000000	3.717261
	212.000000	1.000000	3.611350
	212.100000	1.000000	3.745807
	212.200000	1.000000	3.824231
	212.300000	1.000000	3.777093
	212.400000	1.000000	3.832376
	212.500000	1.000000	3.961646
	212.600000	1.000000	3.895489
	212.700000	1.000000	3.987201
	212.800000	1.000000	3.935100
	212.900000	1.000000	3.717967
	213.000000	1.000000	3.800770
	213.100000	1.000000	3.724734
	213.200000	1.000000	3.758425
	213.300000	1.000000	3.826608
	213.400000	1.000000	3.876912
	213.500000	1.000000	3.565419
	213.600000	1.000000	3.865129
	213.700000	1.000000	3.767434
	213.800000	1.000000	3.996973
	213.900000	1.000000	3.661432
	214.000000	1.000000	4.003046
	214.100000	1.000000	3.726235
	214.200000	1.000000	3.707365
	214.300000	1.000000	4.025856
	214.400000	1.000000	3.843119
	214.500000	1.000000	3.807509
	214.600000	1.000000	3.878915
	214.700000	1.000000	3.796933
	214.800000	1.000000	3.946519
	214.900000	1.000000	3.804272
	215.000000	1.000000	3.858890
	215.100000	1.000000	3.942246
	215.200000	1.000000	3.974006
	215.300000	1.000000	3.976240
	215.400000	1.000000	3.834673
	215.500000	1.000000	3.941998
	215.600000	1.000000	3.866954
	215.700000	1.000000	3.775451
	215.800000	1.000000	4.024082
	215.900000	1.000000	3.760948
	216.000000	1.000000	3.948538
	216.100000	1.000000	3.807090
	216.200000	1.000000	3.869160
	216.300000	1.000000	3.843460
	216.400000	1.000000	3.878050
	216.500000	1.000000	3.884429
	216.600000	1.000000	4.010433
	216.700000	1.000000	3.933681
	216.800000	1.000000	3.898678
	216.900000	1.000000	3.752072
	217.000000	1.000000	3.816135
	217.100000	1.000000	3.832221
	217.200000	1.000000	3.990658
	217.300000	1.000000	3.657868
	217.400000	1.000000	3.724389
	217.500000	1.000000	3.986687
	217.600000	1.000000	3.853041
	217.700000	1.000000	3.923230
	217.800000	1.000000	3.739031
	217.900000	1.000000	3.849295
	218.000000	1.000000	3.722356
	218.100000	1.000000	3.885254
	218.200000	1.000000	3.849663
	218.300000	1.000000	3.933797
	218.400000	1.000000	3.956462
	218.500000	1.000000	3.908727
	218.600000	1.000000	3.855325
	218.700000	1.000000	3.928328
	218.800000	1.000000	3.977552
	218.900000	1.000000	4.000152
	219.000000	1.000000	4.012433
	219.100000	1.000000	3.767393
	219.200000	1.000000	3.789032
	219.300000	1.000000	3.809439
	219.400000	1.000000	3.704399
	219.500000	1.000000	3.938999
	219.600000	1.000000	3.782257
	219.700000	1.000000	3.949450
	219.800000	1.000000	3.848371
	219.900000	1.000000	3.816496
	220.000000	1.000000	3.838207
	220.100000	1.000000	3.867684
	220.200000	1.000000	3.836266
	220.300000	1.000000	4.007107
	220.400000	1.000000	3.801148
	220.500000	1.000000	3.997198
	220.600000	1.000000	3.773942
	220.700000	1.000000	3.724689
	220.800000	1.000000	3.784261
	220.900000	1.000000	3.799083
	221.000000	1.000000	4.018994
	221.100000	1.000000	3.766527
	221.200000	1.000000	3.783944
	221.300000	1.000000	3.769939
	221.400000	1.000000	3.821760
	221.500000	1.000000	3.915729
	221.600000	1.000000	3.830612
	221.700000	1.000000	3.883945
	221.800000	1.000000	3.905415
	221.900000	1.000000	4.088706
	222.000000	1.000000	4.045139
	222.100000	1.000000	3.925568
	222.200000	1.000000	3.942191
	222.300000	1.000000	3.930479
	222.400000	1.000000	3.745094
	222.500000	1.000000	3.652140
	222.600000	1.000000	3.799741
	222.700000	1.000000	3.846218
	222.800000	1.000000	3.863406
	222.900000	1.000000	3.958173
	223.000000	1.000000	3.761603
	223.100000	1.000000	3.945751
	223.200000	1.000000	4.180861
	223.300000	1.000000	3.837690
	223.400000	1.000000	3.750782
	223.500000	1.000000	3.713998
	223.600000	1.000000	3.899189
	223.700000	1.000000	3.955366
	223.800000	1.000000	4.021992
	223.900000	1.000000	3.852985
	224.000000	1.000000	3.836754
	224.100000	1.000000	3.609878
	224.200000	1.000000	3.730925
	224.300000	1.000000	3.874773
	224.400000	1.000000	3.949819
	224.500000	1.000000	4.051457
	224.600000	1.000000	3.840342
	224.700000	1.000000	4.050611
	224.800000	1.000000	4.139642
	224.900000	1.000000	3.914799
	225.000000	1.000000	4.106768
	225.100000	1.000000	4.071638
	225.200000	1.000000	3.759847
	225.300000	1.000000	3.989411
	225.400000	1.000000	4.004109
	225.500000	1.000000	3.912941
	225.600000	1.000000	4.244174
	225.700000	1.000000	3.885555
	225.800000	1.000000	3.666156
	225.900000	1.000000	4.170574
	226.000000	1.000000	3.745212
	226.100000	1.000000	4.039375
	226.200000	1.000000	4.089017
	226.300000	1.000000	4.044656
	226.400000	1.000000	3.970822
	226.500000	1.000000	3.864353
	226.600000	1.000000	3.986857
	226.700000	1.000000	4.076303
	226.800000	1.000000	3.905504
	226.900000	1.000000	3.927139
	227.000000	1.000000	3.835497
	227.100000	1.000000	3.775553
	227.200000	1.000000	3.911362
	227.300000	1.000000	3.865642
	227.400000	1.000000	3.765971
	227.500000	1.000000	3.967327
	227.600000	1.000000	3.941584
	227.700000	1.000000	3.865098
	227.800000	1.000000	3.705771
	227.900000	1.000000	3.786440
	228.000000	1.000000	3.991464
	228.100000	1.000000	3.969246
	228.200000	1.000000	3.916251
	228.300000	1.000000	3.787878
	228.400000	1.000000	3.998868
	228.500000	1.000000	3.872941
	228.600000	1.000000	3.985449
	228.700000	1.000000	3.873557
	228.800000	1.000000	3.814809
	228.900000	1.000000	4.101056
	229.000000	1.000000	3.636818
	229.100000	1.000000	3.751845
	229.200000	1.000000	4.068008
	229.300000	1.000000	3.803516
	229.400000	1.000000	3.811661
	229.500000	1.000000	3.867555
	229.600000	1.000000	3.890521
	229.700000	1.000000	4.083010
	229.800000	1.000000	4.119105
	229.900000	1.000000	3.686434
	230.000000	1.000000	3.971190
	230.100000	1.000000	3.935415
	230.200000	1.000000	3.729846
	230.300000	1.000000	4.179006
	230.400000	1.000000	4.042317
	230.500000	1.000000	3.689744
	230.600000	1.000000	3.815723
	230.700000	1.000000	3.972038
	230.800000	1.000000	3.930633
	230.900000	1.000000	4.062377
	231.000000	1.000000	3.927619
	231.100000	1.000000	4.073853
	231.200000	1.000000	3.797093
	231.300000	1.000000	3.864216
	231.400000	1.000000	4.040810
	231.500000	1.000000	3.851883
	231.600000	1.000000	4.110045
	231.700000	1.000000	4.089580
	231.800000	1.000000	3.922700
	231.900000	1.000000	3.888330
	232.000000	1.000000	3.912399
	232.100000	1.000000	3.932902
	232.200000	1.000000	3.936772
	232.300000	1.000000	3.810609
	232.400000	1.000000	4.030500
	232.500000	1.000000	3.830756
	232.600000	1.000000	3.792880
	232.700000	1.000000	3.757205
	232.800000	1.000000	3.883638
	232.900000	1.000000	3.897369
	233.000000	1.000000	3.635904
	233.100000	1.000000	3.997839
	233.200000	1.000000	3.961581
	233.300000	1.000000	3.923904
	233.400000	1.000000	3.841647
	233.500000	1.000000	3.816182
	233.600000	1.000000	3.914299
	233.700000	1.000000	3.899279
	233.800000	1.000000	3.935158
	233.900000	1.000000	4.257124
	234.000000	1.000000	3.912308
	234.100000	1.000000	4.020837
	234.200000	1.000000	4.100484
	234.300000	1.000000	3.910030
	234.400000	1.000000	4.096061
	234.500000	1.000000	3.914305
	234.600000	1.000000	3.705958
	234.700000	1.000000	3.765056
	234.800000	1.000000	4.077213
	234.900000	1.000000	3.864354
	235.000000	1.000000	4.095832
	235.100000	1.000000	3.812931
	235.200000	1.000000	3.678823
	235.300000	1.000000	3.948390
	235.400000	1.000000	4.232239
	235.500000	1.000000	3.896640
	235.600000	1.000000	4.108929
	235.700000	1.000000	3.680410
	235.800000	1.000000	3.763352
	235.900000	1.000000	3.905994
	236.000000	1.000000	3.713746
	236.100000	1.000000	3.878617
	236.200000	1.000000	3.618811
	236.300000	1.000000	3.848838
	236.400000	1.000000	3.786542
	236.500000	1.000000	3.763828
	236.600000	1.000000	3.946238
	236.700000	1.000000	3.827851
	236.800000	1.000000	4.034433
	236.900000	1.000000	3.648816
	237.000000	1.000000	3.861932
	237.100000	1.000000	3.733231
	237.200000	1.000000	3.941040
	237.300000	1.000000	3.946706
	237.400000	1.000000	4.083691
	237.500000	1.000000	3.864238
	237.600000	1.000000	3.837292
	237.700000	1.000000	3.734597
	237.800000	1.000000	3.887326
	237.900000	1.000000	3.816622
	238.000000	1.000000	3.935340
	238.100000	1.000000	3.878699
	238.200000	1.000000	3.747899
	238.300000	1.000000	3.870432
	238.400000	1.000000	3.866635
	238.500000	1.000000	3.838383
	238.600000	1.000000	3.842871
	238.700000	1.000000	3.899536
	238.800000	1.000000	3.903646
	238.900000	1.000000	3.814813
	239.000000	1.000000	3.741334
	239.100000	1.000000	4.151500
	239.200000	1.000000	4.000079
	239.300000	1.000000	3.783444
	239.400000	1.000000	3.846390
	239.500000	1.000000	3.955778
	239.600000	1.000000	3.772191
	239.700000	1.000000	3.948675
	239.800000	1.000000	3.858455
	239.900000	1.000000	3.894379
	240.000000	1.000000	3.919643
	240.100000	1.000000	3.974704
	240.200000	1.000000	3.775525
	240.300000	1.000000	3.799559
	240.400000	1.000000	3.756663
	240.500000	1.000000	3.968611
	240.600000	1.000000	3.945511
	240.700000	1.000000	3.753928
	240.800000	1.000000	3.688236
	240.900000	1.000000	4.017886
	241.000000	1.000000	3.788075
	241.100000	1.000000	4.067302
	241.200000	1.000000	4.035039
	241.300000	1.000000	4.072684
	241.400000	1.000000	3.956681
	241.500000	1.000000	4.131362
	241.600000	1.000000	4.161149
	241.700000	1.000000	3.854746
	241.800000	1.000000	3.775594
	241.900000	1.000000	3.844084
	242.000000	1.000000	4.033176
	242.100000	1.000000	4.042819
	242.200000	1.000000	4.188594
	242.300000	1.000000	3.968370
	242.400000	1.000000	3.959255
	242.500000	1.000000	3.981531
	242.600000	1.000000	3.907515
	242.700000	1.000000	4.013718
	242.800000	1.000000	3.804598
	242.900000	1.000000	3.976095
	243.000000	1.000000	3.811243
	243.100000	1.000000	4.008768
	243.200000	1.000000	3.949505
	243.300000	1.000000	4.051816
	243.400000	1.000000	4.063142
	243.500000	1.000000	4.134932
	243.600000	1.000000	3.837421
	243.700000	1.000000	3.959995
	243.800000	1.000000	4.112054
	243.900000	1.000000	3.853650
	244.000000	1.000000	3.869596
	244.100000	1.000000	3.844197
	244.200000	1.000000	4.054905
	244.300000	1.000000	3.857211
	244.400000	1.000000	3.860174
	244.500000	1.000000	3.853070
	244.600000	1.000000	3.798954
	244.700000	1.000000	3.735296
	244.800000	1.000000	4.105052
	244.900000	1.000000	3.797958
	245.000000	1.000000	3.565562
	245.100000	1.000000	3.859494
	245.200000	1.000000	4.056070
	245.300000	1.000000	3.892122
	245.400000	1.000000	3.882099
	245.500000	1.000000	3.635646
	245.600000	1.000000	3.824479
	245.700000	1.000000	3.947846
	245.800000	1.000000	3.901729
	245.900000	1.000000	3.974454
	246.000000	1.000000	4.136477
	246.100000	1.000000	4.121653
	246.200000	1.000000	3.784135
	246.300000	1.000000	4.021966
	246.400000	1.000000	3.785787
	246.500000	1.000000	3.801231
	246.600000	1.000000	3.876316
	246.700000	1.000000	3.917451
	246.800000	1.000000	3.898754
	246.900000	1.000000	3.972566
	247.000000	1.000000	4.069939
	247.100000	1.000000	3.803379
	247.200000	1.000000	3.960542
	247.300000	1.000000	3.929056
	247.400000	1.000000	4.104039
	247.500000	1.000000	3.772783
	247.600000	1.000000	3.657426
	247.700000	1.000000	3.910017
	247.800000	1.000000	3.930907
	247.900000	1.000000	3.747743
	248.000000	1.000000	4.044074
	248.100000	1.000000	3.829985
	248.200000	1.000000	3.734163
	248.300000	1.000000	3.875982
	248.400000	1.000000	3.923673
	248.500000	1.000000	3.860449
	248.600000	1.000000	3.744719
	248.700000	1.000000	3.860285
	248.800000	1.000000	3.956700
	248.900000	1.000000	4.041574
	249.000000	1.000000	3.702456
	249.100000	1.000000	3.810660
	249.200000	1.000000	3.763669
	249.300000	1.000000	3.838844
	249.400000	1.000000	3.990276
	249.500000	1.000000	3.938805
	249.600000	1.000000	3.871664
	249.700000	1.000000	4.147493
	249.800000	1.000000	3.839852
	249.900000	1.000000	3.883268
	250.000000	1.000000	4.007193
	250.100000	1.000000	4.023294
	250.200000	1.000000	4.176995
	250.300000	1.000000	3.898194
	250.400000	1.000000	4.010778
	250.500000	1.000000	3.594296
	250.600000	1.000000	3.798965
	250.700000	1.000000	3.805060
	250.800000	1.000000	3.874561
	250.900000	1.000000	3.883468
	251.000000	1.000000	3.749769
	251.100000	1.000000	3.691580
	251.200000	1.000000	4.023287
	251.300000	1.000000	3.839465
	251.400000	1.000000	3.949128
	251.500000	1.000000	3.958151
	251.600000	1.000000	3.940138
	251.700000	1.000000	3.947815
	251.800000	1.000000	4.076036
	251.900000	1.000000	3.946413
	252.000000	1.000000	3.960238
	252.100000	1.000000	3.938050
	252.200000	1.000000	3.797444
	252.300000	1.000000	3.946205
	252.400000	1.000000	4.139409
	252.500000	1.000000	3.718960
	252.600000	1.000000	3.842381
	252.700000	1.000000	3.921719
	252.800000	1.000000	3.855296
	252.900000	1.000000	3.714835
	253.000000	1.000000	4.022186
	253.100000	1.000000	3.785102
	253.200000	1.000000	3.998415
	253.300000	1.000000	3.993074
	253.400000	1.000000	3.862187
	253.500000	1.000000	3.877703
	253.600000	1.000000	4.042774
	253.700000	1.000000	3.889244
	253.800000	1.000000	3.772467
	253.900000	1.000000	3.866471
	254.000000	1.000000	3.931339
	254.100000	1.000000	4.251064
	254.200000	1.000000	4.010365
	254.300000	1.000000	4.057969
	254.400000	1.000000	3.847541
	254.500000	1.000000	3.787794
	254.600000	1.000000	3.875761
	254.700000	1.000000	3.903512
	254.800000	1.000000	3.781137
	254.900000	1.000000	3.809540
	255.000000	1.000000	3.887817
	255.100000	1.000000	3.893032
	255.200000	1.000000	3.917529
	255.300000	1.000000	4.138777
	255.400000	1.000000	3.973562
	255.500000	1.000000	4.060739
	255.600000	1.000000	3.921851
	255.700000	1.000000	3.852082
	255.800000	1.000000	3.972028
	255.900000	1.000000	3.896785
	256.000000	1.000000	3.915616
	256.100000	1.000000	3.919315
	256.200000	1.000000	4.108678
	256.300000	1.000000	3.622595
	256.400000	1.000000	3.991534
	256.500000	1.000000	4.026317
	256.600000	1.000000	4.079547
	256.700000	1.000000	4.027761
	256.800000	1.000000	3.986731
	256.900000	1.000000	3.757257
	257.000000	1.000000	3.751003
	257.100000	1.000000	3.866218
	257.200000	1.000000	3.994586
	257.300000	1.000000	3.950783
	257.400000	1.000000	3.831803
	257.500000	1.000000	3.935935
	257.600000	1.000000	4.033924
	257.700000	1.000000	3.826925
	257.800000	1.000000	4.029411
	257.900000	1.000000	4.112436
	258.000000	1.000000	3.988953
	258.100000	1.000000	3.926155
	258.200000	1.000000	3.812789
	258.300000	1.000000	3.925524
	258.400000	1.000000	3.778283
	258.500000	1.000000	3.789663
	258.600000	1.000000	3.987504
	258.700000	1.000000	3.993159
	258.800000	1.000000	3.700500
	258.900000	1.000000	3.699432
	259.000000	1.000000	3.959864
	259.100000	1.000000	3.810178
	259.200000	1.000000	3.853220
	259.300000	1.000000	4.180561
	259.400000	1.000000	3.894419
	259.500000	1.000000	3.795667
	259.600000	1.000000	3.986963
	259.700000	1.000000	3.798245
	259.800000	1.000000	3.852058
	259.900000	1.000000	4.006011
	260.000000	1.000000	4.098226
	260.100000	1.000000	3.821051
	260.200000	1.000000	4.264059
	260.300000	1.000000	4.015333
	260.400000	1.000000	3.919212
	260.500000	1.000000	3.887607
	260.600000	1.000000	4.123780
	260.700000	1.000000	3.852579
	260.800000	1.000000	3.919205
	260.900000	1.000000	4.139873
	261.000000	1.000000	3.955415
	261.100000	1.000000	4.033022
	261.200000	1.000000	4.091567
	261.300000	1.000000	3.880613
	261.400000	1.000000	4.003028
	261.500000	1.000000	3.956324
	261.600000	1.000000	3.858888
	261.700000	1.000000	3.869313
	261.800000	1.000000	3.988186
	261.900000	1.000000	4.239402
	262.000000	1.000000	4.079638
	262.100000	1.000000	3.879950
	262.200000	1.000000	3.749730
	262.300000	1.000000	3.914968
	262.400000	1.000000	3.830872
	262.500000	1.000000	3.958373
	262.600000	1.000000	3.849783
	262.700000	1.000000	4.216992
	262.800000	1.000000	3.966682
	262.900000	1.000000	3.874638
	263.000000	1.000000	3.911837
	263.100000	1.000000	3.978582
	263.200000	1.000000	4.019347
	263.300000	1.000000	3.878056
	263.400000	1.000000	3.765400
	263.500000	1.000000	3.878959
	263.600000	1.000000	4.136320
	263.700000	1.000000	3.960347
	263.800000	1.000000	3.849381
	263.900000	1.000000	4.064328
	264.000000	1.000000	3.966325
	264.100000	1.000000	4.069232
	264.200000	1.000000	4.017424
	264.300000	1.000000	3.826567
	264.400000	1.000000	3.909238
	264.500000	1.000000	3.907598
	264.600000	1.000000	4.008357
	264.700000	1.000000	4.008094
	264.800000	1.000000	3.830821
	264.900000	1.000000	4.098780
	265.000000	1.000000	3.746007
	265.100000	1.000000	4.210223
	265.200000	1.000000	4.066895
	265.300000	1.000000	3.934301
	265.400000	1.000000	3.901950
	265.500000	1.000000	3.863239
	265.600000	1.000000	4.023165
	265.700000	1.000000	3.953324
	265.800000	1.000000	3.977571
	265.900000	1.000000	3.856224
	266.000000	1.000000	3.809102
	266.100000	1.000000	4.272944
	266.200000	1.000000	3.958942
	266.300000	1.000000	3.964756
	266.400000	1.000000	4.097917
	266.500000	1.000000	3.695950
	266.600000	1.000000	4.106370
	266.700000	1.000000	3.833835
	266.800000	1.000000	3.824443
	266.900000	1.000000	4.121893
	267.000000	1.000000	3.869410
	267.100000	1.000000	3.869120
	267.200000	1.000000	3.771961
	267.300000	1.000000	4.110855
	267.400000	1.000000	4.131748
	267.500000	1.000000	4.121364
	267.600000	1.000000	3.931377
	267.700000	1.000000	3.867856
	267.800000	1.000000	3.917050
	267.900000	1.000000	3.722012
	268.000000	1.000000	3.960312
	268.100000	1.000000	3.847062
	268.200000	1.000000	3.931745
	268.300000	1.000000	3.923313
	268.400000	1.000000	3.891186
	268.500000	1.000000	4.056995
	268.600000	1.000000	3.903287
	268.700000	1.000000	3.894214
	268.800000	1.000000	4.078661
	268.900000	1.000000	4.001673
	269.000000	1.000000	3.892304
	269.100000	1.000000	4.049886
	269.200000	1.000000	3.812240
	269.300000	1.000000	4.040284
	269.400000	1.000000	3.841249
	269.500000	1.000000	3.793999
	269.600000	1.000000	4.100952
	269.700000	1.000000	3.862882
	269.800000	1.000000	3.983127
	269.900000	1.000000	3.813580
	270.000000	1.000000	3.772076
	270.100000	1.000000	3.852353
	270.200000	1.000000	4.005920
	270.300000	1.000000	4.097474
	270.400000	1.000000	3.902032
	270.500000	1.000000	3.788209
	270.600000	1.000000	3.873364
	270.700000	1.000000	3.818075
	270.800000	1.000000	3.902983
	270.900000	1.000000	3.902599
	271.000000	1.000000	3.950707
	271.100000	1.000000	3.984174
	271.200000	1.000000	3.886157
	271.300000	1.000000	4.044201
	271.400000	1.000000	4.031647
	271.500000	1.000000	3.972820
	271.600000	1.000000	3.919610
	271.700000	1.000000	4.186096
	271.800000	1.000000	4.031830
	271.900000	1.000000	4.051125
	272.000000	1.000000	3.953488
	272.100000	1.000000	4.022568
	272.200000	1.000000	4.036504
	272.300000	1.000000	4.025645
	272.400000	1.000000	3.930073
	272.500000	1.000000	3.957912
	272.600000	1.000000	4.043941
	272.700000	1.000000	4.155592
	272.800000	1.000000	3.859837
	272.900000	1.000000	3.984364
	273.000000	1.000000	3.977915
	273.100000	1.000000	3.918194
	273.200000	1.000000	3.787308
	273.300000	1.000000	3.735707
	273.400000	1.000000	4.068447
	273.500000	1.000000	3.844767
	273.600000	1.000000	4.072155
	273.700000	1.000000	4.110386
	273.800000	1.000000	3.992357
	273.900000	1.000000	3.598361
	274.000000	1.000000	3.958135
	274.100000	1.000000	4.060219
	274.200000	1.000000	4.011901
	274.300000	1.000000	3.944632
	274.400000	1.000000	3.862307
	274.500000	1.000000	3.890310
	274.600000	1.000000	3.990565
	274.700000	1.000000	3.748915
	274.800000	1.000000	4.034603
	274.900000	1.000000	4.209371
	275.000000	1.000000	4.095570
	275.100000	1.000000	3.983039
	275.200000	1.000000	3.924465
	275.300000	1.000000	4.013936
	275.400000	1.000000	3.864308
	275.500000	1.000000	3.917573
	275.600000	1.000000	3.955549
	275.700000	1.000000	3.915473
	275.800000	1.000000	4.100358
	275.900000	1.000000	3.918076
	276.000000	1.000000	3.816530
	276.100000	1.000000	4.059820
	276.200000	1.000000	3.982924
	276.300000	1.000000	3.980537
	276.400000	1.000000	3.830156
	276.500000	1.000000	3.774083
	276.600000	1.000000	4.074289
	276.700000	1.000000	3.916111
	276.800000	1.000000	4.275986
	276.900000	1.000000	3.705390
	277.000000	1.000000	3.763555
	277.100000	1.000000	4.020361
	277.200000	1.000000	4.176326
	277.300000	1.000000	3.953091
	277.400000	1.000000	4.136618
	277.500000	1.000000	4.070072
	277.600000	1.000000	4.017133
	277.700000	1.000000	3.865121
	277.800000	1.000000	4.042640
	277.900000	1.000000	3.954850
	278.000000	1.000000	4.040818
	278.100000	1.000000	4.048521
	278.200000	1.000000	3.791566
	278.300000	1.000000	3.957952
	278.400000	1.000000	3.947061
	278.500000	1.000000	3.967501
	278.600000	1.000000	3.988778
	278.700000	1.000000	3.914721
	278.800000	1.000000	3.935782
	278.900000	1.000000	3.966923
	279.000000	1.000000	4.066933
	279.100000	1.000000	3.934941
	279.200000	1.000000	4.037847
	279.300000	1.000000	4.141626
	279.400000	1.000000	4.213766
	279.500000	1.000000	3.832370
	279.600000	1.000000	4.060054
	279.700000	1.000000	4.109405
	279.800000	1.000000	3.860017
	279.900000	1.000000	4.015125
	280.000000	1.000000	3.876531
	280.100000	1.000000	3.944183
	280.200000	1.000000	4.328089
	280.300000	1.000000	4.111103
	280.400000	1.000000	3.982111
	280.500000	1.000000	3.951745
	280.600000	1.000000	4.019542
	280.700000	1.000000	3.755113
	280.800000	1.000000	3.924918
	280.900000	1.000000	3.972329
	281.000000	1.000000	3.836477
	281.100000	1.000000	3.863824
	281.200000	1.000000	4.011656
	281.300000	1.000000	3.796624
	281.400000	1.000000	3.860286
	281.500000	1.000000	4.112906
	281.600000	1.000000	4.010584
	281.700000	1.000000	3.951390
	281.800000	1.000000	4.007647
	281.900000	1.000000	3.992793
	282.000000	1.000000	4.184313
	282.100000	1.000000	4.073450
	282.200000	1.000000	3.840931
	282.300000	1.000000	3.958635
	282.400000	1.000000	3.682658
	282.500000	1.000000	3.997250
	282.600000	1.000000	3.897912
	282.700000	1.000000	4.032500
	282.800000	1.000000	3.936855
	282.900000	1.000000	3.964174
	283.000000	1.000000	3.746603
	283.100000	1.000000	4.143754
	283.200000	1.000000	3.792404
	283.300000	1.000000	3.864543
	283.400000	1.000000	3.960225
	283.500000	1.000000	3.792606
	283.600000	1.000000	3.986454
	283.700000	1.000000	3.975965
	283.800000	1.000000	3.857231
	283.900000	1.000000	3.852596
	284.000000	1.000000	3.776201
	284.100000	1.000000	3.829466
	284.200000	1.000000	3.742626
	284.300000	1.000000	4.037758
	284.400000	1.000000	3.721021
	284.500000	1.000000	3.877334
	284.600000	1.000000	3.879687
	284.700000	1.000000	4.103015
	284.800000	1.000000	4.169349
	284.900000	1.000000	3.973433
	285.000000	1.000000	3.793085
	285.100000	1.000000	4.058421
	285.200000	1.000000	3.952041
	285.300000	1.000000	4.175828
	285.400000	1.000000	4.025946
	285.500000	1.000000	3.899197
	285.600000	1.000000	4.042893
	285.700000	1.000000	4.021733
	285.800000	1.000000	3.965363
	285.900000	1.000000	3.812103
	286.000000	1.000000	3.982571
	286.100000	1.000000	3.899442
	286.200000	1.000000	3.951410
	286.300000	1.000000	3.914759
	286.400000	1.000000	3.986936
	286.500000	1.000000	4.038624
	286.600000	1.000000	4.128315
	286.700000	1.000000	4.104890
	286.800000	1.000000	4.027732
	286.900000	1.000000	3.864046
	287.000000	1.000000	3.736381
	287.100000	1.000000	3.862243
	287.200000	1.000000	4.052181
	287.300000	1.000000	4.043446
	287.400000	1.000000	3.997309
	287.500000	1.000000	3.924035
	287.600000	1.000000	4.053259
	287.700000	1.000000	4.062767
	287.800000	1.000000	4.014907
	287.900000	1.000000	4.011252
	288.000000	1.000000	3.988089
	288.100000	1.000000	3.892304
	288.200000	1.000000	4.032841
	288.300000	1.000000	4.023874
	288.400000	1.000000	3.891967
	288.500000	1.000000	3.908333
	288.600000	1.000000	3.853200
	288.700000	1.000000	4.144904
	288.800000	1.000000	3.979266
	288.900000	1.000000	4.213664
	289.000000	1.000000	4.105567
	289.100000	1.000000	4.059578
	289.200000	1.000000	3.789222
	289.300000	1.000000	3.969852
	289.400000	1.000000	4.001475
	289.500000	1.000000	3.939467
	289.600000	1.000000	3.907371
	289.700000	1.000000	4.291058
	289.800000	1.000000	3.824052
	289.900000	1.000000	3.845555
	290.000000	1.000000	3.718767
	290.100000	1.000000	3.941351
	290.200000	1.000000	3.876131
	290.300000	1.000000	3.780815
	290.400000	1.000000	4.184580
	290.500000	1.000000	3.789191
	290.600000	1.000000	3.849808
	290.700000	1.000000	4.118057
	290.800000	1.000000	4.075025
	290.900000	1.000000	4.141773
	291.000000	1.000000	4.264077
	291.100000	1.000000	4.043346
	291.200000	1.000000	3.994733
	291.300000	1.000000	3.818843
	291.400000	1.000000	3.981904
	291.500000	1.000000	3.964747
	291.600000	1.000000	3.976148
	291.700000	1.000000	3.936390
	291.800000	1.000000	3.939099
	291.900000	1.000000	4.137477
	292.000000	1.000000	3.799289
	292.100000	1.000000	4.060539
	292.200000	1.000000	3.804755
	292.300000	1.000000	3.961338
	292.400000	1.000000	4.187733
	292.500000	1.000000	4.063328
	292.600000	1.000000	4.021915
	292.700000	1.000000	4.006143
	292.800000	1.000000	3.922820
	292.900000	1.000000	3.943933
	293.000000	1.000000	3.993422
	293.100000	1.000000	4.109987
	293.200000	1.000000	4.096845
	293.300000	1.000000	4.066958
	293.400000	1.000000	3.935093
	293.500000	1.000000	4.080033
	293.600000	1.000000	3.735068
	293.700000	1.000000	3.925629
	293.800000	1.000000	3.930222
	293.900000	1.000000	4.002166
	294.000000	1.000000	3.897794
	294.100000	1.000000	4.162000
	294.200000	1.000000	4.112895
	294.300000	1.000000	3.831032
	294.400000	1.000000	3.899243
	294.500000	1.000000	3.866492
	294.600000	1.000000	3.749415
	294.700000	1.000000	4.071395
	294.800000	1.000000	3.910161
	294.900000	1.000000	3.989266
	295.000000	1.000000	3.947067
	295.100000	1.000000	4.179059
	295.200000	1.000000	4.102745
	295.300000	1.000000	3.902049
	295.400000	1.000000	3.936707
	295.500000	1.000000	3.882667
	295.600000	1.000000	4.080697
	295.700000	1.000000	3.818505
	295.800000	1.000000	3.896835
	295.900000	1.000000	3.955185
	296.000000	1.000000	3.987184
	296.100000	1.000000	3.997649
	296.200000	1.000000	3.839296
	296.300000	1.000000	3.856975
	296.400000	1.000000	3.828947
	296.500000	1.000000	3.977326
	296.600000	1.000000	4.218872
	296.700000	1.000000	3.966529
	296.800000	1.000000	3.948578
	296.900000	1.000000	4.064704
	297.000000	1.000000	3.845334
	297.100000	1.000000	3.871686
	297.200000	1.000000	3.918648
	297.300000	1.000000	3.842107
	297.400000	1.000000	3.908087
	297.500000	1.000000	3.936594
	297.600000	1.000000	3.945855
	297.700000	1.000000	3.983559
	297.800000	1.000000	4.019421
	297.900000	1.000000	4.021897
	298.000000	1.000000	3.992990
	298.100000	1.000000	3.923483
	298.200000	1.000000	3.914122
	298.300000	1.000000	4.151891
	298.400000	1.000000	3.801283
	298.500000	1.000000	4.150647
	298.600000	1.000000	3.775399
	298.700000	1.000000	3.928953
	298.800000	1.000000	4.067749
	298.900000	1.000000	3.876118
	299.000000	1.000000	3.875814
	299.100000	1.000000	3.963245
	299.200000	1.000000	4.053238
	299.300000	1.000000	3.836473
	299.400000	1.000000	3.904487
	299.500000	1.000000	4.102198
	299.600000	1.000000	4.008090
	299.700000	1.000000	3.912441
	299.800000	1.000000	3.883303
	299.900000	1.000000	4.002628
